{
 "cells": [
  {
   "cell_type": "markdown",
   "metadata": {},
   "source": [
    "# Heat kernel"
   ]
  },
  {
   "cell_type": "markdown",
   "metadata": {},
   "source": [
    "<font color=red>Something is wrong here! The kernel matrix shouldn't contain lots of zeros in the lower right corner according to my intuition.</font>"
   ]
  },
  {
   "cell_type": "code",
   "execution_count": 1,
   "metadata": {
    "collapsed": true
   },
   "outputs": [],
   "source": [
    "sigma = 0.0001"
   ]
  },
  {
   "cell_type": "markdown",
   "metadata": {},
   "source": [
    "## Load packages"
   ]
  },
  {
   "cell_type": "code",
   "execution_count": 2,
   "metadata": {
    "collapsed": true
   },
   "outputs": [],
   "source": [
    "import numpy as np\n",
    "import matplotlib.pyplot as plt\n",
    "%matplotlib inline\n",
    "import sys\n",
    "path = '../../scripts/'\n",
    "sys.path.insert(0,path)\n",
    "from RipserToDict import ripser_to_dict\n",
    "from PlotPersistence import plot_persistence\n",
    "import pickle\n",
    "import random"
   ]
  },
  {
   "cell_type": "markdown",
   "metadata": {},
   "source": [
    "## Functions"
   ]
  },
  {
   "cell_type": "code",
   "execution_count": 3,
   "metadata": {
    "collapsed": false
   },
   "outputs": [],
   "source": [
    "def heat_kernel(F,G,sigma):\n",
    "    \n",
    "    \"\"\"Let F and G be PH matrices of dimensions n_points x 2, where the columns are birth and death respectively.\n",
    "    The matrices are thus only for one dim each, e.g. 0 or 1 or 2.\n",
    "    sigma is a scalar parameter which may be taken to be 0.1.\n",
    "    The output is the heat kernel\"\"\"\n",
    "\n",
    "    kernel = 0\n",
    "    for z in G.copy():\n",
    "        for y in F.copy():\n",
    "            kernel += np.exp(-np.linalg.norm(y - z,ord=2)**2/(8.*sigma))\n",
    "            kernel += -np.exp(-np.linalg.norm(y - np.flipud(z),ord=2)**2/(8.*sigma))\n",
    "    kernel *= 1./(8.*np.pi*sigma)\n",
    "\n",
    "    return kernel"
   ]
  },
  {
   "cell_type": "code",
   "execution_count": 4,
   "metadata": {
    "collapsed": true
   },
   "outputs": [],
   "source": [
    "def heat_kernel_distance(F,G,sigma):\n",
    "    \n",
    "    \"\"\"Let F and G be PH matrices of dimensions n_points x 2, where the columns are birth and death respectively.\n",
    "    The matrices are thus only for one dim each, e.g. 0 or 1 or 2.\n",
    "    sigma is a scalar parameter which may be taken to be 0.1.\n",
    "    The output is the heat kernel distance\"\"\"\n",
    "    \n",
    "    inner = heat_kernel(F,F,sigma) + heat_kernel(G,G,sigma) - 2*heat_kernel(F,G,sigma)\n",
    "    distance = np.sqrt(heat_kernel(F,F,sigma) + heat_kernel(G,G,sigma) - 2*heat_kernel(F,G,sigma))\n",
    "    \n",
    "    return distance"
   ]
  },
  {
   "cell_type": "markdown",
   "metadata": {},
   "source": [
    "## Create labels and train kernel"
   ]
  },
  {
   "cell_type": "code",
   "execution_count": 5,
   "metadata": {
    "collapsed": false
   },
   "outputs": [],
   "source": [
    "# load train set\n",
    "train_seeds = range(0,10)\n",
    "train_persistences = []\n",
    "train_labels = []\n",
    "for seed in train_seeds:\n",
    "    \n",
    "    # sphere\n",
    "    with open('../../../heavy_files/exercises/ml_on_1_to_3/sphere_persistences/' + str(seed) + '.txt','rb') as f:\n",
    "        sphere_temp = pickle.load(f)\n",
    "    train_persistences.append(sphere_temp.copy())\n",
    "    sphere_temp = {}\n",
    "    train_labels.append(0)\n",
    "    \n",
    "    # torus\n",
    "    with open('../../../heavy_files/exercises/ml_on_1_to_3/torus_persistences/' + str(seed) + '.txt','rb') as f:\n",
    "        torus_temp = pickle.load(f)\n",
    "    train_persistences.append(torus_temp.copy())\n",
    "    torus_temp = {}\n",
    "    train_labels.append(0)"
   ]
  },
  {
   "cell_type": "code",
   "execution_count": 6,
   "metadata": {
    "collapsed": false
   },
   "outputs": [],
   "source": [
    "# permute\n",
    "combined = list(zip(train_persistences.copy(), train_labels))\n",
    "random.shuffle(combined)\n",
    "train_persistences[:], train_labels[:] = zip(*combined)"
   ]
  },
  {
   "cell_type": "code",
   "execution_count": 7,
   "metadata": {
    "collapsed": false
   },
   "outputs": [
    {
     "name": "stdout",
     "output_type": "stream",
     "text": [
      "[[  3.05008619e+04   5.41424416e-07   4.88701557e+02   2.24465079e+04\n",
      "    1.80279410e+04   1.95158185e+04   2.70886577e-03   1.97920995e+04\n",
      "    2.05062617e+04   2.16623099e+04   0.00000000e+00   0.00000000e+00\n",
      "    0.00000000e+00   0.00000000e+00   0.00000000e+00   0.00000000e+00\n",
      "    0.00000000e+00   0.00000000e+00   0.00000000e+00   0.00000000e+00]\n",
      " [  5.41424416e-07   3.61617142e+04   1.85552780e+04   6.10299694e+01\n",
      "    4.32461049e-07   1.03403923e+02   1.77534971e+04   6.25701456e+01\n",
      "    1.43846618e+01   1.96786360e+02   0.00000000e+00   0.00000000e+00\n",
      "    0.00000000e+00   0.00000000e+00   0.00000000e+00   0.00000000e+00\n",
      "    0.00000000e+00   0.00000000e+00   0.00000000e+00   0.00000000e+00]\n",
      " [  4.88701557e+02   1.85552780e+04   6.39977740e+04   5.46425161e+01\n",
      "    1.00341088e+01   4.54561688e+02   2.41043255e+04   2.53599164e+02\n",
      "    4.72656598e+01   1.20934895e+01   0.00000000e+00   0.00000000e+00\n",
      "    0.00000000e+00   0.00000000e+00   0.00000000e+00   0.00000000e+00\n",
      "    0.00000000e+00   0.00000000e+00   0.00000000e+00   0.00000000e+00]\n",
      " [  2.24465079e+04   6.10299694e+01   5.46425161e+01   4.05742458e+04\n",
      "    2.26658467e+04   2.39658569e+04   5.60429449e+01   2.33560299e+04\n",
      "    2.56464619e+04   2.37140071e+04   0.00000000e+00   0.00000000e+00\n",
      "    0.00000000e+00   0.00000000e+00   0.00000000e+00   0.00000000e+00\n",
      "    0.00000000e+00   0.00000000e+00   0.00000000e+00   0.00000000e+00]\n",
      " [  1.80279410e+04   4.32461049e-07   1.00341088e+01   2.26658467e+04\n",
      "    2.92215452e+04   1.84652254e+04   1.33973391e-02   1.74176390e+04\n",
      "    1.83845475e+04   1.92785954e+04   0.00000000e+00   0.00000000e+00\n",
      "    0.00000000e+00   0.00000000e+00   0.00000000e+00   0.00000000e+00\n",
      "    0.00000000e+00   0.00000000e+00   0.00000000e+00   0.00000000e+00]\n",
      " [  1.95158185e+04   1.03403923e+02   4.54561688e+02   2.39658569e+04\n",
      "    1.84652254e+04   3.45745126e+04   1.92820011e+02   2.28029212e+04\n",
      "    2.07082065e+04   2.29757588e+04   0.00000000e+00   0.00000000e+00\n",
      "    0.00000000e+00   0.00000000e+00   0.00000000e+00   0.00000000e+00\n",
      "    0.00000000e+00   0.00000000e+00   0.00000000e+00   0.00000000e+00]\n",
      " [  2.70886577e-03   1.77534971e+04   2.41043255e+04   5.60429449e+01\n",
      "    1.33973391e-02   1.92820011e+02   4.20622143e+04   5.92311508e+01\n",
      "    5.22398157e+01   2.87676843e+02   0.00000000e+00   0.00000000e+00\n",
      "    0.00000000e+00   0.00000000e+00   0.00000000e+00   0.00000000e+00\n",
      "    0.00000000e+00   0.00000000e+00   0.00000000e+00   0.00000000e+00]\n",
      " [  1.97920995e+04   6.25701456e+01   2.53599164e+02   2.33560299e+04\n",
      "    1.74176390e+04   2.28029212e+04   5.92311508e+01   3.28373308e+04\n",
      "    1.91899882e+04   2.10738089e+04   0.00000000e+00   0.00000000e+00\n",
      "    0.00000000e+00   0.00000000e+00   0.00000000e+00   0.00000000e+00\n",
      "    0.00000000e+00   0.00000000e+00   0.00000000e+00   0.00000000e+00]\n",
      " [  2.05062617e+04   1.43846618e+01   4.72656598e+01   2.56464619e+04\n",
      "    1.83845475e+04   2.07082065e+04   5.22398157e+01   1.91899882e+04\n",
      "    4.07722678e+04   2.33727258e+04   0.00000000e+00   0.00000000e+00\n",
      "    0.00000000e+00   0.00000000e+00   0.00000000e+00   0.00000000e+00\n",
      "    0.00000000e+00   0.00000000e+00   0.00000000e+00   0.00000000e+00]\n",
      " [  2.16623099e+04   1.96786360e+02   1.20934895e+01   2.37140071e+04\n",
      "    1.92785954e+04   2.29757588e+04   2.87676843e+02   2.10738089e+04\n",
      "    2.33727258e+04   3.68170712e+04   0.00000000e+00   0.00000000e+00\n",
      "    0.00000000e+00   0.00000000e+00   0.00000000e+00   0.00000000e+00\n",
      "    0.00000000e+00   0.00000000e+00   0.00000000e+00   0.00000000e+00]\n",
      " [  0.00000000e+00   0.00000000e+00   0.00000000e+00   0.00000000e+00\n",
      "    0.00000000e+00   0.00000000e+00   0.00000000e+00   0.00000000e+00\n",
      "    0.00000000e+00   0.00000000e+00   0.00000000e+00   0.00000000e+00\n",
      "    0.00000000e+00   0.00000000e+00   0.00000000e+00   0.00000000e+00\n",
      "    0.00000000e+00   0.00000000e+00   0.00000000e+00   0.00000000e+00]\n",
      " [  0.00000000e+00   0.00000000e+00   0.00000000e+00   0.00000000e+00\n",
      "    0.00000000e+00   0.00000000e+00   0.00000000e+00   0.00000000e+00\n",
      "    0.00000000e+00   0.00000000e+00   0.00000000e+00   0.00000000e+00\n",
      "    0.00000000e+00   0.00000000e+00   0.00000000e+00   0.00000000e+00\n",
      "    0.00000000e+00   0.00000000e+00   0.00000000e+00   0.00000000e+00]\n",
      " [  0.00000000e+00   0.00000000e+00   0.00000000e+00   0.00000000e+00\n",
      "    0.00000000e+00   0.00000000e+00   0.00000000e+00   0.00000000e+00\n",
      "    0.00000000e+00   0.00000000e+00   0.00000000e+00   0.00000000e+00\n",
      "    0.00000000e+00   0.00000000e+00   0.00000000e+00   0.00000000e+00\n",
      "    0.00000000e+00   0.00000000e+00   0.00000000e+00   0.00000000e+00]\n",
      " [  0.00000000e+00   0.00000000e+00   0.00000000e+00   0.00000000e+00\n",
      "    0.00000000e+00   0.00000000e+00   0.00000000e+00   0.00000000e+00\n",
      "    0.00000000e+00   0.00000000e+00   0.00000000e+00   0.00000000e+00\n",
      "    0.00000000e+00   0.00000000e+00   0.00000000e+00   0.00000000e+00\n",
      "    0.00000000e+00   0.00000000e+00   0.00000000e+00   0.00000000e+00]\n",
      " [  0.00000000e+00   0.00000000e+00   0.00000000e+00   0.00000000e+00\n",
      "    0.00000000e+00   0.00000000e+00   0.00000000e+00   0.00000000e+00\n",
      "    0.00000000e+00   0.00000000e+00   0.00000000e+00   0.00000000e+00\n",
      "    0.00000000e+00   0.00000000e+00   0.00000000e+00   0.00000000e+00\n",
      "    0.00000000e+00   0.00000000e+00   0.00000000e+00   0.00000000e+00]\n",
      " [  0.00000000e+00   0.00000000e+00   0.00000000e+00   0.00000000e+00\n",
      "    0.00000000e+00   0.00000000e+00   0.00000000e+00   0.00000000e+00\n",
      "    0.00000000e+00   0.00000000e+00   0.00000000e+00   0.00000000e+00\n",
      "    0.00000000e+00   0.00000000e+00   0.00000000e+00   0.00000000e+00\n",
      "    0.00000000e+00   0.00000000e+00   0.00000000e+00   0.00000000e+00]\n",
      " [  0.00000000e+00   0.00000000e+00   0.00000000e+00   0.00000000e+00\n",
      "    0.00000000e+00   0.00000000e+00   0.00000000e+00   0.00000000e+00\n",
      "    0.00000000e+00   0.00000000e+00   0.00000000e+00   0.00000000e+00\n",
      "    0.00000000e+00   0.00000000e+00   0.00000000e+00   0.00000000e+00\n",
      "    0.00000000e+00   0.00000000e+00   0.00000000e+00   0.00000000e+00]\n",
      " [  0.00000000e+00   0.00000000e+00   0.00000000e+00   0.00000000e+00\n",
      "    0.00000000e+00   0.00000000e+00   0.00000000e+00   0.00000000e+00\n",
      "    0.00000000e+00   0.00000000e+00   0.00000000e+00   0.00000000e+00\n",
      "    0.00000000e+00   0.00000000e+00   0.00000000e+00   0.00000000e+00\n",
      "    0.00000000e+00   0.00000000e+00   0.00000000e+00   0.00000000e+00]\n",
      " [  0.00000000e+00   0.00000000e+00   0.00000000e+00   0.00000000e+00\n",
      "    0.00000000e+00   0.00000000e+00   0.00000000e+00   0.00000000e+00\n",
      "    0.00000000e+00   0.00000000e+00   0.00000000e+00   0.00000000e+00\n",
      "    0.00000000e+00   0.00000000e+00   0.00000000e+00   0.00000000e+00\n",
      "    0.00000000e+00   0.00000000e+00   0.00000000e+00   0.00000000e+00]\n",
      " [  0.00000000e+00   0.00000000e+00   0.00000000e+00   0.00000000e+00\n",
      "    0.00000000e+00   0.00000000e+00   0.00000000e+00   0.00000000e+00\n",
      "    0.00000000e+00   0.00000000e+00   0.00000000e+00   0.00000000e+00\n",
      "    0.00000000e+00   0.00000000e+00   0.00000000e+00   0.00000000e+00\n",
      "    0.00000000e+00   0.00000000e+00   0.00000000e+00   0.00000000e+00]]\n"
     ]
    }
   ],
   "source": [
    "train_kernel = np.zeros((len(train_labels),len(train_labels)))\n",
    "train_homology = [train_persistences[x][1] for x in train_seeds]\n",
    "for x, i in enumerate(train_homology.copy()):\n",
    "    for y, j in enumerate(train_homology.copy()):\n",
    "        train_kernel[x,y] = heat_kernel(i,j,sigma)\n",
    "print(train_kernel)"
   ]
  },
  {
   "cell_type": "code",
   "execution_count": 8,
   "metadata": {
    "collapsed": false
   },
   "outputs": [],
   "source": [
    "# export\n",
    "with open('train_kernel.txt','wb') as f:\n",
    "    pickle.dump(train_kernel,f)\n",
    "\n",
    "with open('train_labels.txt','wb') as f:\n",
    "    pickle.dump(train_labels,f)"
   ]
  },
  {
   "cell_type": "markdown",
   "metadata": {},
   "source": [
    "## Create test kernel and test labels"
   ]
  },
  {
   "cell_type": "code",
   "execution_count": 9,
   "metadata": {
    "collapsed": true
   },
   "outputs": [],
   "source": [
    "# load test set\n",
    "test_seeds = range(10,20)\n",
    "test_persistences = []\n",
    "test_labels = []\n",
    "for seed in test_seeds:\n",
    "    \n",
    "    # sphere\n",
    "    with open('../../../heavy_files/exercises/ml_on_1_to_3/sphere_persistences/' + str(seed) + '.txt','rb') as f:\n",
    "        test_persistences.append(pickle.load(f))\n",
    "    test_labels.append(0)\n",
    "    \n",
    "    # torus\n",
    "    with open('../../../heavy_files/exercises/ml_on_1_to_3/torus_persistences/' + str(seed) + '.txt','rb') as f:\n",
    "        test_persistences.append(pickle.load(f))\n",
    "    test_labels.append(1)"
   ]
  },
  {
   "cell_type": "code",
   "execution_count": 10,
   "metadata": {
    "collapsed": false
   },
   "outputs": [],
   "source": [
    "# permute\n",
    "combined2 = list(zip(test_persistences, test_labels))\n",
    "random.shuffle(combined2)\n",
    "test_persistences[:], test_labels[:] = zip(*combined2)"
   ]
  },
  {
   "cell_type": "code",
   "execution_count": 11,
   "metadata": {
    "collapsed": false
   },
   "outputs": [
    {
     "name": "stdout",
     "output_type": "stream",
     "text": [
      "[[  5.28399098e+04   8.93946328e+02   2.85564207e+02   1.77729476e+02\n",
      "    1.30526949e+02   2.01900455e+04   2.79800914e+02   1.61159784e+02\n",
      "    3.52082942e+04   7.89424820e+02   0.00000000e+00   0.00000000e+00\n",
      "    0.00000000e+00   0.00000000e+00   0.00000000e+00   0.00000000e+00\n",
      "    0.00000000e+00   0.00000000e+00   0.00000000e+00   0.00000000e+00]\n",
      " [  8.93946328e+02   4.89753933e+04   2.06700348e+04   2.24850625e+04\n",
      "    1.54531275e+04   8.66585898e+02   1.96185813e+04   2.05106189e+04\n",
      "    1.43452908e+03   2.06124684e+04   0.00000000e+00   0.00000000e+00\n",
      "    0.00000000e+00   0.00000000e+00   0.00000000e+00   0.00000000e+00\n",
      "    0.00000000e+00   0.00000000e+00   0.00000000e+00   0.00000000e+00]\n",
      " [  2.85564207e+02   2.06700348e+04   4.41811139e+04   2.67901014e+04\n",
      "    2.24771822e+04   3.59614753e-03   2.28310408e+04   2.66999939e+04\n",
      "    2.75039393e+01   2.26288640e+04   0.00000000e+00   0.00000000e+00\n",
      "    0.00000000e+00   0.00000000e+00   0.00000000e+00   0.00000000e+00\n",
      "    0.00000000e+00   0.00000000e+00   0.00000000e+00   0.00000000e+00]\n",
      " [  1.77729476e+02   2.24850625e+04   2.67901014e+04   6.71336994e+04\n",
      "    3.02291416e+04   3.46392619e-14   2.47572656e+04   3.52999213e+04\n",
      "    6.25216669e+01   2.81686150e+04   0.00000000e+00   0.00000000e+00\n",
      "    0.00000000e+00   0.00000000e+00   0.00000000e+00   0.00000000e+00\n",
      "    0.00000000e+00   0.00000000e+00   0.00000000e+00   0.00000000e+00]\n",
      " [  1.30526949e+02   1.54531275e+04   2.24771822e+04   3.02291416e+04\n",
      "    5.18405980e+04   1.49184282e+01   2.48141417e+04   2.80520475e+04\n",
      "    2.75355124e-01   2.11776922e+04   0.00000000e+00   0.00000000e+00\n",
      "    0.00000000e+00   0.00000000e+00   0.00000000e+00   0.00000000e+00\n",
      "    0.00000000e+00   0.00000000e+00   0.00000000e+00   0.00000000e+00]\n",
      " [  2.01900455e+04   8.66585898e+02   3.59614753e-03   3.46392619e-14\n",
      "    1.49184282e+01   3.51188268e+04   5.95426451e-09   8.61025086e-05\n",
      "    2.02275550e+04   7.11061235e+02   0.00000000e+00   0.00000000e+00\n",
      "    0.00000000e+00   0.00000000e+00   0.00000000e+00   0.00000000e+00\n",
      "    0.00000000e+00   0.00000000e+00   0.00000000e+00   0.00000000e+00]\n",
      " [  2.79800914e+02   1.96185813e+04   2.28310408e+04   2.47572656e+04\n",
      "    2.48141417e+04   5.95426451e-09   4.71362780e+04   2.51817015e+04\n",
      "    5.00502236e+01   1.82062221e+04   0.00000000e+00   0.00000000e+00\n",
      "    0.00000000e+00   0.00000000e+00   0.00000000e+00   0.00000000e+00\n",
      "    0.00000000e+00   0.00000000e+00   0.00000000e+00   0.00000000e+00]\n",
      " [  1.61159784e+02   2.05106189e+04   2.66999939e+04   3.52999213e+04\n",
      "    2.80520475e+04   8.61025086e-05   2.51817015e+04   5.71983049e+04\n",
      "    9.54364287e+01   2.33977495e+04   0.00000000e+00   0.00000000e+00\n",
      "    0.00000000e+00   0.00000000e+00   0.00000000e+00   0.00000000e+00\n",
      "    0.00000000e+00   0.00000000e+00   0.00000000e+00   0.00000000e+00]\n",
      " [  3.52082942e+04   1.43452908e+03   2.75039393e+01   6.25216669e+01\n",
      "    2.75355124e-01   2.02275550e+04   5.00502236e+01   9.54364287e+01\n",
      "    4.60394853e+04   5.01564446e+02   0.00000000e+00   0.00000000e+00\n",
      "    0.00000000e+00   0.00000000e+00   0.00000000e+00   0.00000000e+00\n",
      "    0.00000000e+00   0.00000000e+00   0.00000000e+00   0.00000000e+00]\n",
      " [  7.89424820e+02   2.06124684e+04   2.26288640e+04   2.81686150e+04\n",
      "    2.11776922e+04   7.11061235e+02   1.82062221e+04   2.33977495e+04\n",
      "    5.01564446e+02   4.78631434e+04   0.00000000e+00   0.00000000e+00\n",
      "    0.00000000e+00   0.00000000e+00   0.00000000e+00   0.00000000e+00\n",
      "    0.00000000e+00   0.00000000e+00   0.00000000e+00   0.00000000e+00]\n",
      " [  0.00000000e+00   0.00000000e+00   0.00000000e+00   0.00000000e+00\n",
      "    0.00000000e+00   0.00000000e+00   0.00000000e+00   0.00000000e+00\n",
      "    0.00000000e+00   0.00000000e+00   0.00000000e+00   0.00000000e+00\n",
      "    0.00000000e+00   0.00000000e+00   0.00000000e+00   0.00000000e+00\n",
      "    0.00000000e+00   0.00000000e+00   0.00000000e+00   0.00000000e+00]\n",
      " [  0.00000000e+00   0.00000000e+00   0.00000000e+00   0.00000000e+00\n",
      "    0.00000000e+00   0.00000000e+00   0.00000000e+00   0.00000000e+00\n",
      "    0.00000000e+00   0.00000000e+00   0.00000000e+00   0.00000000e+00\n",
      "    0.00000000e+00   0.00000000e+00   0.00000000e+00   0.00000000e+00\n",
      "    0.00000000e+00   0.00000000e+00   0.00000000e+00   0.00000000e+00]\n",
      " [  0.00000000e+00   0.00000000e+00   0.00000000e+00   0.00000000e+00\n",
      "    0.00000000e+00   0.00000000e+00   0.00000000e+00   0.00000000e+00\n",
      "    0.00000000e+00   0.00000000e+00   0.00000000e+00   0.00000000e+00\n",
      "    0.00000000e+00   0.00000000e+00   0.00000000e+00   0.00000000e+00\n",
      "    0.00000000e+00   0.00000000e+00   0.00000000e+00   0.00000000e+00]\n",
      " [  0.00000000e+00   0.00000000e+00   0.00000000e+00   0.00000000e+00\n",
      "    0.00000000e+00   0.00000000e+00   0.00000000e+00   0.00000000e+00\n",
      "    0.00000000e+00   0.00000000e+00   0.00000000e+00   0.00000000e+00\n",
      "    0.00000000e+00   0.00000000e+00   0.00000000e+00   0.00000000e+00\n",
      "    0.00000000e+00   0.00000000e+00   0.00000000e+00   0.00000000e+00]\n",
      " [  0.00000000e+00   0.00000000e+00   0.00000000e+00   0.00000000e+00\n",
      "    0.00000000e+00   0.00000000e+00   0.00000000e+00   0.00000000e+00\n",
      "    0.00000000e+00   0.00000000e+00   0.00000000e+00   0.00000000e+00\n",
      "    0.00000000e+00   0.00000000e+00   0.00000000e+00   0.00000000e+00\n",
      "    0.00000000e+00   0.00000000e+00   0.00000000e+00   0.00000000e+00]\n",
      " [  0.00000000e+00   0.00000000e+00   0.00000000e+00   0.00000000e+00\n",
      "    0.00000000e+00   0.00000000e+00   0.00000000e+00   0.00000000e+00\n",
      "    0.00000000e+00   0.00000000e+00   0.00000000e+00   0.00000000e+00\n",
      "    0.00000000e+00   0.00000000e+00   0.00000000e+00   0.00000000e+00\n",
      "    0.00000000e+00   0.00000000e+00   0.00000000e+00   0.00000000e+00]\n",
      " [  0.00000000e+00   0.00000000e+00   0.00000000e+00   0.00000000e+00\n",
      "    0.00000000e+00   0.00000000e+00   0.00000000e+00   0.00000000e+00\n",
      "    0.00000000e+00   0.00000000e+00   0.00000000e+00   0.00000000e+00\n",
      "    0.00000000e+00   0.00000000e+00   0.00000000e+00   0.00000000e+00\n",
      "    0.00000000e+00   0.00000000e+00   0.00000000e+00   0.00000000e+00]\n",
      " [  0.00000000e+00   0.00000000e+00   0.00000000e+00   0.00000000e+00\n",
      "    0.00000000e+00   0.00000000e+00   0.00000000e+00   0.00000000e+00\n",
      "    0.00000000e+00   0.00000000e+00   0.00000000e+00   0.00000000e+00\n",
      "    0.00000000e+00   0.00000000e+00   0.00000000e+00   0.00000000e+00\n",
      "    0.00000000e+00   0.00000000e+00   0.00000000e+00   0.00000000e+00]\n",
      " [  0.00000000e+00   0.00000000e+00   0.00000000e+00   0.00000000e+00\n",
      "    0.00000000e+00   0.00000000e+00   0.00000000e+00   0.00000000e+00\n",
      "    0.00000000e+00   0.00000000e+00   0.00000000e+00   0.00000000e+00\n",
      "    0.00000000e+00   0.00000000e+00   0.00000000e+00   0.00000000e+00\n",
      "    0.00000000e+00   0.00000000e+00   0.00000000e+00   0.00000000e+00]\n",
      " [  0.00000000e+00   0.00000000e+00   0.00000000e+00   0.00000000e+00\n",
      "    0.00000000e+00   0.00000000e+00   0.00000000e+00   0.00000000e+00\n",
      "    0.00000000e+00   0.00000000e+00   0.00000000e+00   0.00000000e+00\n",
      "    0.00000000e+00   0.00000000e+00   0.00000000e+00   0.00000000e+00\n",
      "    0.00000000e+00   0.00000000e+00   0.00000000e+00   0.00000000e+00]]\n"
     ]
    }
   ],
   "source": [
    "test_kernel = np.zeros((len(test_labels),len(test_labels)))\n",
    "test_homology = [test_persistences[x][1] for x in range(len(test_seeds))]\n",
    "for x, i in enumerate(test_homology):\n",
    "    for y, j in enumerate(test_homology):\n",
    "        test_kernel[x,y] = heat_kernel(i,j,sigma)\n",
    "print(test_kernel)"
   ]
  },
  {
   "cell_type": "code",
   "execution_count": 12,
   "metadata": {
    "collapsed": true
   },
   "outputs": [],
   "source": [
    "# export\n",
    "with open('test_kernel.txt','wb') as f:\n",
    "    pickle.dump(test_kernel,f)\n",
    "\n",
    "with open('test_labels.txt','wb') as f:\n",
    "    pickle.dump(test_labels,f)"
   ]
  },
  {
   "cell_type": "code",
   "execution_count": null,
   "metadata": {
    "collapsed": true
   },
   "outputs": [],
   "source": []
  }
 ],
 "metadata": {
  "anaconda-cloud": {},
  "kernelspec": {
   "display_name": "Python [Root]",
   "language": "python",
   "name": "Python [Root]"
  },
  "language_info": {
   "codemirror_mode": {
    "name": "ipython",
    "version": 3
   },
   "file_extension": ".py",
   "mimetype": "text/x-python",
   "name": "python",
   "nbconvert_exporter": "python",
   "pygments_lexer": "ipython3",
   "version": "3.5.2"
  }
 },
 "nbformat": 4,
 "nbformat_minor": 0
}
