0.000000000000000000e+00,4.574711434534413090e-01,4.108264176288724534e-01,4.645914066296138456e-01,8.612192898049350065e-01,6.600299895756442936e-01,8.889162179589676915e-01,1.912733363036906720e-01,2.435352063661820055e-01,6.830242684382146212e-01,5.796934496896219979e-01,4.036611700252770718e-01,2.906409676800006392e-01,3.629265715831594963e-01,2.052588045673486572e-01,5.483237382372354585e-01,6.527179495697174039e-01,6.073950865811369448e-01,6.593514497707426703e-01,2.390939515258973525e-01,3.851173645222294439e-01,2.538524938125001906e-01,6.335001348052115011e-01,1.326056047972788143e-01,2.274481769259292241e-01,2.770289064968090575e-01,4.417627148398625692e-01,6.168347275124113072e-01,3.392725996760430629e-01,1.592594468382076689e-01,3.300502362636999476e-01,4.960776678115573768e-01,6.819246728000116775e-01,7.781400056918241770e-01,3.988584330859614724e-01,2.730348046620383329e-01,1.459059520818411226e-01,3.639599142108222996e-01,2.474935273749014342e-01,7.005045782113479280e-01,5.740591785770572386e-01,7.203053882003006558e-01,7.681122171045894342e-01,3.977618316776034835e-01,6.170664711310385186e-01,4.145762842897287442e-02,6.501069785844358906e-01,3.358094781710272425e-01,5.954482814731546503e-01,3.641912617438603506e-01,7.166685399644517895e-01,5.189187577714664545e-01,7.469483078240185536e-01,7.807694704102943195e-01,9.032513104283487193e-01,3.926183792013039353e-01,3.963705627115163832e-01,4.044423487794213123e-01,3.720871985522982150e-01,1.218514020335343950e-01,5.355750519664724818e-01,1.747779095043683339e-01,3.943649230982075315e-01,2.102543488887629874e-01,3.363213365887729456e-01,5.680385743004420229e-01,2.658850278820518165e-01,3.647145629770254804e-01,5.047824521612889193e-01,5.877351614839798621e-01,5.690626680698338546e-01,5.692618805649514169e-01,3.763905234208291817e-01,5.169394924470220865e-01,8.281931985502961613e-01,6.046797451839475146e-01,2.455800362885329213e-01,3.490100785811590112e-01,6.558141830478414480e-01,6.618713271278380272e-01,6.120841030876902344e-01,4.176068730887788627e-01,3.633768186751751283e-01,4.204694210282884925e-01,4.775983636103955932e-01,6.266131531031737811e-01,5.231217451888426906e-01,7.842032288246471028e-01,6.123471369835540301e-01,3.463250703382496631e-01,3.851032501423993781e-01,4.405366793812714454e-01,2.771929666677844795e-01,8.379966979492072809e-01,7.879458388976580130e-01,4.846218674893255640e-01,2.196761487949272229e-01,2.952087577625091552e-01,5.374022981005185384e-01,5.196724454506275181e-01
4.574711434534413090e-01,0.000000000000000000e+00,8.339336307319208386e-01,4.814976370183044474e-01,9.242691128996275429e-01,5.839923573743829310e-01,9.099044060311606286e-01,4.812734786723546487e-01,3.071225699380332741e-01,5.953494771473709646e-01,1.014178404808403933e+00,7.858585166421319101e-01,2.081744727728614686e-01,9.463929815993275818e-02,2.665902032191598270e-01,3.439274033722005686e-01,6.508439172100664027e-01,5.076726689877703036e-01,8.694546318674356566e-01,6.182675408787446925e-01,3.667999759530576886e-01,2.125823415175123188e-01,5.507730598200829553e-01,5.492136937238720762e-01,6.399995059622282101e-01,6.839563394782481875e-01,8.401315521508656570e-01,6.993300251819869473e-01,6.372732588604588244e-01,3.179124332944433529e-01,6.013607960012291587e-01,4.041135443457659071e-01,7.992826750293144933e-01,7.033574460690286134e-01,7.798939033691723033e-01,6.459030565633366860e-01,4.053786003886037936e-01,8.198682812835474953e-01,6.811127478384463307e-01,1.091662268049428564e+00,5.634310113225252659e-01,9.899224600237879201e-01,8.359485914070901025e-01,5.271640796836868370e-01,4.743215925655949738e-01,4.967913221596045870e-01,1.043780432971266769e+00,2.215533909199320084e-01,3.287315468069897384e-01,1.543581017231467345e-01,1.112860559075835143e+00,9.469327118512709252e-01,6.994766899067281773e-01,7.314561866396772638e-01,9.236701232003771134e-01,4.409932537926505858e-01,8.310811386213837748e-01,4.785406781669079845e-01,7.238780108504508926e-01,4.496672209392789665e-01,8.242806311874692482e-02,5.801970385666465058e-01,6.418791497114176847e-01,2.622843230084727084e-01,7.765203093644049703e-01,1.128392577501414196e-01,4.983609436756685773e-01,2.107815311108444667e-01,6.750262009591350143e-01,8.626590887806809826e-01,9.844146923816687877e-01,4.043898757128261412e-01,7.685182750935254381e-01,5.947306526020638279e-02,8.054506171745412502e-01,6.652908709157822065e-01,3.888081881000798878e-01,1.234375609581352257e-01,7.037683888084266259e-01,6.563431573015049425e-01,1.006692429142749479e+00,8.715216863225404564e-01,9.424612248456450125e-02,6.233394118266974981e-01,7.338674588004564514e-01,9.558055530320551663e-01,8.899001005833198086e-01,9.733824696436603752e-01,3.936995011565199154e-01,7.828714090789572477e-01,7.666942817315119951e-02,8.843884251423439480e-01,7.344389301445287677e-01,8.208032253591271976e-01,8.857538802898854424e-01,7.047840722589472362e-01,3.479805463902151397e-01,1.651960718100852765e-01,6.249677535216456858e-01,1.493348596635475367e-01
4.108264176288724534e-01,8.339336307319208386e-01,0.000000000000000000e+00,8.445917670822176149e-01,1.166210981445304551e+00,1.042074901434754786e+00,1.213059623546848931e+00,3.636534050120335260e-01,5.416861816784105388e-01,1.066231185591317132e+00,4.935355737952644151e-01,5.277207647716533057e-01,6.972688488786007444e-01,7.420337505077098106e-01,5.678440357524456861e-01,9.577384328680821346e-01,1.011942331956556584e+00,9.995784852895728267e-01,8.965801486830136113e-01,2.209927157602772918e-01,7.857913334261289462e-01,6.530374432656084194e-01,1.019580943647814042e+00,2.893001661602639940e-01,4.218283246409143539e-01,1.506678109291835765e-01,5.147537614580186549e-01,9.448790120652371671e-01,6.049677168584003395e-01,5.687200961143512590e-01,6.233482691600145120e-01,8.963790105305433631e-01,9.799879984472930072e-01,1.150197007788807513e+00,5.275419807368020297e-01,2.014203193764367572e-01,5.441111598959661455e-01,2.655690982025333824e-01,3.742658581041085619e-01,6.959719486831964508e-01,9.462250323546725905e-01,8.886381752225622765e-01,1.081482894443414722e+00,7.514216660187724717e-01,1.016651063931545584e+00,3.705686796466595712e-01,6.536887581282838644e-01,7.459128322955116408e-01,1.006249570489197831e+00,7.683539850691889495e-01,6.974059308637465815e-01,4.787591990261505503e-01,1.112589120450167668e+00,1.144122241312456323e+00,1.226357669989203369e+00,7.768932937172464692e-01,4.336321960383394958e-02,7.781157920597547850e-01,5.600810747144722157e-01,5.028360413044149491e-01,9.022874287552559158e-01,2.543297883925935698e-01,6.786852030898733457e-01,5.719703175330652645e-01,3.604118899699741974e-01,9.349387843536487441e-01,6.160300904689237633e-01,7.746178597643258446e-01,8.075514261007660233e-01,7.827317398555909689e-01,5.467904051694014722e-01,9.745338749036618342e-01,9.865669439136488805e-02,8.912347101097016777e-01,1.177412144556351237e+00,9.450907345525318970e-01,6.409011060845311025e-01,7.434301610384943526e-01,9.941667249906974702e-01,1.021350782488728903e+00,6.250150408609139729e-01,3.019376761239703222e-01,7.449851258166737544e-01,7.271726601026355929e-01,7.243469662947178422e-01,7.460793064473341119e-01,6.196763615166092087e-01,1.015083384920328013e+00,1.021014115331374095e+00,7.539187712237804817e-02,7.573337843951150061e-01,3.766996962791024361e-01,2.175367774206586058e-01,1.184073693748750822e+00,1.081830283034850959e+00,7.586755029136246220e-01,4.994978517826531017e-01,6.701189791082271530e-01,8.774582790519435127e-01,9.211291616786475567e-01
4.645914066296138456e-01,4.814976370183044474e-01,8.445917670822176149e-01,0.000000000000000000e+00,4.533844960181925843e-01,1.978176651784969986e-01,4.557596834392153573e-01,6.353116614799191320e-01,5.659295845327610985e-01,2.217719546640135042e-01,7.598011308761305482e-01,4.923387186827151707e-01,3.221031724141302233e-01,4.442412021689822188e-01,4.712706850300683037e-01,2.281744889809744214e-01,1.975680265851995077e-01,1.616235819246068794e-01,4.075437809919194021e-01,7.031038633163245732e-01,1.201418171515807043e-01,3.704757357760236625e-01,1.753266709974550530e-01,5.952989503115818648e-01,4.521145309672090495e-01,7.323296073716979437e-01,5.536920892866156185e-01,2.180527377213040685e-01,3.127772924693327239e-01,3.561767962422678346e-01,2.730009714025100620e-01,1.132070193146093723e-01,3.179147026564979051e-01,3.135677632437839923e-01,4.867627144077055767e-01,7.369126290928258438e-01,3.189216355892769417e-01,6.808751694713682800e-01,5.097431388571563859e-01,7.495492625874613513e-01,1.111209133144698685e-01,5.478216104855461177e-01,3.609872597105507896e-01,1.168035902034611911e-01,1.961935333865546804e-01,4.954069779405225749e-01,7.113512670128883109e-01,2.738482043532661780e-01,2.999609808907826025e-01,3.343905095580407827e-01,7.752921964646998232e-01,6.890334924941979855e-01,2.840908869123870417e-01,3.184757586832898668e-01,4.702707624211320270e-01,7.236541839129433107e-02,8.182455138813951034e-01,6.791626121412457084e-02,4.150379828297073304e-01,3.488505169930202765e-01,5.480012566680129149e-01,6.373560998609780759e-01,2.638352936913145874e-01,4.726811348804204060e-01,5.867494302867468647e-01,5.652582742363633228e-01,2.318841209723980501e-01,2.743299149425613148e-01,2.215580938116045728e-01,4.399683459391528495e-01,6.953646880490003124e-01,1.933652704959707147e-01,8.317850257305181572e-01,5.150921036627646998e-01,3.739278312746047161e-01,1.857215618203631180e-01,2.207995490952742168e-01,3.864130254491334737e-01,2.292397490159481244e-01,2.058939457912610793e-01,6.810092357523148676e-01,7.083443078730715659e-01,4.363805565814592446e-01,2.140659451592261397e-01,3.258315216587674423e-01,5.631501237445513119e-01,5.491502660263386515e-01,4.983785134235723668e-01,2.586953647403338885e-01,7.710367318594880670e-01,4.700564463224811695e-01,6.784007156622923196e-01,6.491204274817177211e-01,3.859672488602995943e-01,4.060571325411168608e-01,2.770525330994159097e-01,5.784281608170056543e-01,4.464254174405632436e-01,1.450105809442082117e-01,3.953074500577296591e-01
8.612192898049350065e-01,9.242691128996275429e-01,1.166210981445304551e+00,4.533844960181925843e-01,0.000000000000000000e+00,3.634710754146185385e-01,8.300252622781410794e-02,1.049226120805449414e+00,1.010036283770634036e+00,3.641501392163702944e-01,8.837054551638132693e-01,6.675101354467447567e-01,7.753378557392058834e-01,8.961833408580689442e-01,9.165530688060842257e-01,6.050675884175907848e-01,2.748241231911893179e-01,4.339670164446093326e-01,3.078393714414580651e-01,1.082756708079207542e+00,5.734531521312805635e-01,8.221164518697714474e-01,3.921561728059219654e-01,9.772783362305811350e-01,7.453494094529907743e-01,1.091088798229558066e+00,7.094406583053987081e-01,2.478116367813052445e-01,5.623108306423759695e-01,7.920977896661239859e-01,5.498486483134497060e-01,5.207667832958712273e-01,1.863296312722621528e-01,2.916909693418227034e-01,6.651047797365061687e-01,1.114322802993986672e+00,7.287908534014322370e-01,9.345792786321567291e-01,7.921610995048794512e-01,7.602745978930965931e-01,3.608412104531869002e-01,4.252705444206014151e-01,9.457519327285449084e-02,4.692529327863858568e-01,4.832098108126136604e-01,8.803943931325948213e-01,7.483244452081448950e-01,7.265621120425992396e-01,6.582800257694811918e-01,7.844771061407076473e-01,7.857920758965382113e-01,8.290704537352345804e-01,2.625541441425399691e-01,2.468696946151621163e-01,8.715378913228853663e-02,5.143251341394262655e-01,1.130038986053175432e+00,4.848242279042882519e-01,6.137754051456298932e-01,7.397660415467844919e-01,9.819359212196504538e-01,1.016080885303087378e+00,4.896820584107455243e-01,9.185609436829401675e-01,8.268213182689689855e-01,9.936339555853140881e-01,5.953444356645283264e-01,7.244745946747143117e-01,3.630661802363930324e-01,4.366345748148380279e-01,7.965154547833949161e-01,5.432056383635325281e-01,1.183538593601799027e+00,9.492154876557141741e-01,1.786001458162729538e-01,2.703886276430693680e-01,6.464380895703705221e-01,8.383197343412771563e-01,2.241455112967458418e-01,2.704559822555581139e-01,7.376609265831431950e-01,9.352758407154869724e-01,8.881371550183392305e-01,4.475742423301090067e-01,4.460366072904345947e-01,5.543194745073850571e-01,6.354649043325187874e-01,2.540216782649463712e-01,5.871901692865789668e-01,1.091325951935482541e+00,9.211065689210182761e-01,8.751534921968745495e-01,9.493408889619627811e-01,1.647715196779299951e-01,8.827673980428395184e-02,4.075909909413388821e-01,1.016935731238937990e+00,8.995487734962590576e-01,3.305174040732899443e-01,8.131538939095703800e-01
6.600299895756442936e-01,5.839923573743829310e-01,1.042074901434754786e+00,1.978176651784969986e-01,3.634710754146185385e-01,0.000000000000000000e+00,3.317387857517404282e-01,8.242328514921265503e-01,7.359075713830829368e-01,2.455471805817985992e-02,9.219169385747718604e-01,6.576626823439621905e-01,4.761882327982723817e-01,5.749763658191123783e-01,6.420131485869836618e-01,2.470992141529523012e-01,1.083466391915530042e-01,7.634433187938899357e-02,4.610190072235083036e-01,8.990417777610422156e-01,2.862213843380561062e-01,5.314830827377295952e-01,3.341664485704906595e-02,7.916044106627959653e-01,6.431060608700805981e-01,9.298358348235065129e-01,7.168035014874367672e-01,2.250462786977482088e-01,4.865277130120774229e-01,5.398461419791852345e-01,4.511104145339565608e-01,1.910891257758508543e-01,3.134775330380310532e-01,1.259406421737088722e-01,6.526581449716741812e-01,9.329405859918051824e-01,5.141301910748322657e-01,8.698097714713199924e-01,7.002838018087512717e-01,8.779691155893845078e-01,1.030107371215011197e-01,6.147854874056593033e-01,2.923427401915378865e-01,2.983679621051226194e-01,1.200382892909463567e-01,6.920766937365514515e-01,8.465283916443365753e-01,4.175990129431965125e-01,2.952718200622945210e-01,4.621624336920430176e-01,9.046552708960948763e-01,8.532538261840424409e-01,1.155321606816892277e-01,1.477337235833442175e-01,3.446894107068651514e-01,2.680964761950011543e-01,1.015167821013105209e+00,2.639960504227485405e-01,5.821726565031363210e-01,5.461501235966892409e-01,6.322504180356792736e-01,8.337648142611830959e-01,4.235848228887205691e-01,6.425272269277547688e-01,7.713390422328262330e-01,6.403049943940228861e-01,4.273698233085292952e-01,4.060320993040399951e-01,3.295263052651014601e-01,5.395874116501585549e-01,8.491599622555405791e-01,1.841994211498604039e-01,1.029385316310754694e+00,6.003339301882961720e-01,2.218584634931940192e-01,1.882635073594316755e-01,4.146010979653270700e-01,5.192119737040630234e-01,1.867869691965053092e-01,1.066877776924280014e-01,8.209921164041814601e-01,8.929545570104271413e-01,5.664769812708809749e-01,3.668612468723331799e-01,4.551675611736584193e-01,6.741993244618900150e-01,6.912836859875768347e-01,5.086960547671025568e-01,2.237313628287784240e-01,9.682843532986281643e-01,5.958992900933181014e-01,8.561207797008455467e-01,8.440999031449484269e-01,2.375343113519265970e-01,3.554542592254968936e-01,3.996689817441953507e-01,7.542154520126341799e-01,5.964665087097825724e-01,2.195017595994208370e-01,4.587273500834354589e-01
8.889162179589676915e-01,9.099044060311606286e-01,1.213059623546848931e+00,4.557596834392153573e-01,8.300252622781410794e-02,3.317387857517404282e-01,0.000000000000000000e+00,1.073416269717707872e+00,1.020690812813112469e+00,3.270784826191353578e-01,9.534137703978365908e-01,7.275469745349113504e-01,7.759372125042434121e-01,8.901520351115950191e-01,9.262471579227660179e-01,5.786433137736189947e-01,2.623065836444264387e-01,4.067021119701106913e-01,3.805628143629068982e-01,1.116827412171627731e+00,5.735628647333851360e-01,8.259595570190146896e-01,3.634088353881749778e-01,1.009891576118173040e+00,7.912352612499141680e-01,1.130013099218182049e+00,7.728433216748736845e-01,2.731831411903299367e-01,6.082537592740657750e-01,8.063533258789924441e-01,5.910024649680294395e-01,5.066239674928938452e-01,2.397944874148143501e-01,2.378716982885920317e-01,7.246865521812645428e-01,1.149169880695267043e+00,7.511111940207603199e-01,9.897971007969651458e-01,8.407738101880213311e-01,8.376284083461084107e-01,3.525755541157458706e-01,5.053926973744852225e-01,1.335947527937555446e-01,4.916269131654169566e-01,4.509158809704489901e-01,9.112392393616163266e-01,8.236787432181376101e-01,7.233185544798976796e-01,6.253476522107727087e-01,7.771313375074599961e-01,8.634324321265655078e-01,8.964295775314444770e-01,2.198295381775623447e-01,1.957277390426162278e-01,1.456325516614685733e-02,5.224483886006696665e-01,1.178336440718829037e+00,4.972125062778927629e-01,6.690696054711599006e-01,7.670797145240062509e-01,9.622945819034740556e-01,1.049834501320793256e+00,5.344022604508277263e-01,9.278382561787360538e-01,8.822358314808099733e-01,9.714327774110207425e-01,6.243102672913520834e-01,7.179255942140533309e-01,4.055085064135138806e-01,5.073023289185443208e-01,8.671778056604948492e-01,5.157947695936221377e-01,1.224648236135840396e+00,9.300318209778850598e-01,1.185580629404529296e-01,2.850298959371708740e-01,6.627628099354454516e-01,8.326663590403227122e-01,2.342245611407157146e-01,2.556086996631029562e-01,8.113125383380307420e-01,9.941191367859859573e-01,8.818726029506729347e-01,4.871204757322470380e-01,5.022957922037807332e-01,6.296824860121882361e-01,7.043902332459724969e-01,3.362514173676502960e-01,5.525822076098743096e-01,1.137787545393438515e+00,9.136195163992781865e-01,9.369088867963938361e-01,9.976975634734818188e-01,1.023086058264029152e-01,1.605122320258524082e-01,4.586108970611790236e-01,1.030934541169198138e+00,9.001433250281806187e-01,3.515564399730495837e-01,7.898861583858607371e-01
1.912733363036906720e-01,4.812734786723546487e-01,3.636534050120335260e-01,6.353116614799191320e-01,1.049226120805449414e+00,8.242328514921265503e-01,1.073416269717707872e+00,0.000000000000000000e+00,1.791687224928330824e-01,8.458865693343743386e-01,6.929471632895755073e-01,5.682545216107129926e-01,3.870697159547013544e-01,3.944188186584543510e-01,2.252625184325260654e-01,6.742183542555505449e-01,8.295327468309756647e-01,7.640746284973860547e-01,8.498055160711148748e-01,1.426631063018575230e-01,5.394279619655145686e-01,3.324591283554345633e-01,7.951507269484985319e-01,1.299880687810230362e-01,3.925431957835779362e-01,2.142486914368328943e-01,5.951691477908467309e-01,8.031534334071783743e-01,5.284552823339460081e-01,2.857753657568933292e-01,5.210846112937456143e-01,6.461603948644314421e-01,8.717703246810306617e-01,9.466850391580164947e-01,5.643092376045403258e-01,1.662672116675882883e-01,3.223668172076460947e-01,4.443937283995628706e-01,3.918075730459344985e-01,8.457673179437759092e-01,7.463803267864592694e-01,9.043171502099802694e-01,9.555207174638011836e-01,5.820154910206756238e-01,7.644636623835064926e-01,1.852081150571711354e-01,7.957193022321489284e-01,4.459153774308450835e-01,7.071150931095810943e-01,4.469441319802528456e-01,8.582410452545645718e-01,6.432862770425795684e-01,9.193684303303598648e-01,9.537865034350508919e-01,1.087863743626560575e+00,5.631092095468749337e-01,3.702574278665172747e-01,5.808102612804419973e-01,5.499116354161676101e-01,3.102241489782502915e-01,5.439776949902316305e-01,1.318489391255044385e-01,5.854789558284864137e-01,2.282271122074583936e-01,4.603091498255313385e-01,5.762101666439437553e-01,4.546662234784296652e-01,4.713282983767237422e-01,6.953664894317758138e-01,7.734239958349118371e-01,7.027595389273181281e-01,7.077448416679328336e-01,2.887182362031636140e-01,5.361118811629630443e-01,1.006335421392185792e+00,7.884052990376819725e-01,4.152603334195368312e-01,4.089248712713796641e-01,8.393492062452393432e-01,8.384260203406389556e-01,7.586874237784253516e-01,5.023578982718804875e-01,3.989161392812796691e-01,6.113728095830187614e-01,6.672909194657166143e-01,8.002296344813475404e-01,6.878073555298490627e-01,9.748384035255417412e-01,7.395893690476267324e-01,3.276212255292489384e-01,4.050556374455265285e-01,5.485952642733187279e-01,3.415302312923172989e-01,1.017097095285828035e+00,9.776086696640314821e-01,6.757992809699064907e-01,1.367512586160410659e-01,3.241786383159756535e-01,7.222687318046097094e-01,5.879864882204342003e-01
2.435352063661820055e-01,3.071225699380332741e-01,5.416861816784105388e-01,5.659295845327610985e-01,1.010036283770634036e+00,7.359075713830829368e-01,1.020690812813112469e+00,1.791687224928330824e-01,0.000000000000000000e+00,7.548772085950506971e-01,8.179679837677790166e-01,6.449662494166547022e-01,2.630679877380992515e-01,2.272401735774566001e-01,9.472242657883843397e-02,5.485572952092703236e-01,7.631841350141462810e-01,6.674035534407839476e-01,8.586679925787109591e-01,3.211288372613682052e-01,4.530441767582656931e-01,2.058109437842037814e-01,7.040988814577620047e-01,2.762733144635116100e-01,4.703621141765304547e-01,3.913213022554146159e-01,6.850475449672105421e-01,7.629478507639876339e-01,5.547871206951672240e-01,2.199437394354871733e-01,5.342839345435534959e-01,5.468645586826410554e-01,8.462982274616921430e-01,8.616991084214404850e-01,6.399245050684315705e-01,3.454074817133270803e-01,3.024423341455426684e-01,5.856936325052840564e-01,4.900605556438598076e-01,9.439899676104488435e-01,6.743132072173084746e-01,9.407644827897633233e-01,9.155468545365129662e-01,5.451960315201653806e-01,6.564736412829290657e-01,2.679154863704369949e-01,8.936055442341106492e-01,3.243768236672845418e-01,5.684377941134670653e-01,3.040344013394090106e-01,9.601996161515913286e-01,7.597931391488018660e-01,8.418094725032840842e-01,8.764719910746803233e-01,1.035244376649470111e+00,4.982794081009455645e-01,5.455238167145856076e-01,5.254471762777461752e-01,6.064392579350739165e-01,3.182622707495695313e-01,3.657486902941679552e-01,2.965359369462728933e-01,5.942715283178597874e-01,9.365597684036092163e-02,5.754563380239232639e-01,3.977274096836435624e-01,4.436917886456744342e-01,3.438185049009134797e-01,6.810265068577671110e-01,8.065854009263739854e-01,8.118387990359057227e-01,5.925153771035783778e-01,4.676829510955187730e-01,3.596888907868585616e-01,9.382573151255272359e-01,7.403201771333655090e-01,3.656017783618004668e-01,2.553350685179259782e-01,7.890802728854300341e-01,7.712501545964696170e-01,8.555693530317259876e-01,6.426204335680434365e-01,2.332142771380797119e-01,6.039511428106234536e-01,6.859741860760046883e-01,8.610137970778976024e-01,7.634608758554770613e-01,9.798350782893705535e-01,6.123796813417656804e-01,5.005099615309522854e-01,2.326693308374435110e-01,6.758644232657877726e-01,4.871376497199473299e-01,9.509748391260556266e-01,9.486182890996048833e-01,6.797928632248482206e-01,4.241924313813551922e-02,1.638682940175285041e-01,6.800923913787062514e-01,4.272893276067363799e-01
6.830242684382146212e-01,5.953494771473709646e-01,1.066231185591317132e+00,2.217719546640135042e-01,3.641501392163702944e-01,2.455471805817985992e-02,3.270784826191353578e-01,8.458865693343743386e-01,7.548772085950506971e-01,0.000000000000000000e+00,9.453245185014705898e-01,6.814347884102517350e-01,4.941256388419069667e-01,5.896804791263945411e-01,6.612819927357312944e-01,2.549762480201221981e-01,1.223150872867371647e-01,8.957442088676081937e-02,4.776243378219657276e-01,9.220902595793964984e-01,3.070749824666932359e-01,5.499193142107379195e-01,5.101214176886109675e-02,8.147781994437351960e-01,6.676581280948211683e-01,9.534274136431692970e-01,7.404110822515080903e-01,2.420969513029383180e-01,5.108004925716733702e-01,5.610468390657639137e-01,4.755300573180452628e-01,2.085390244907744106e-01,3.266222143713115589e-01,1.092859100410390749e-01,6.764622707137682989e-01,9.560073219206957074e-01,5.371589719959728448e-01,8.943535967871580894e-01,7.248383534487932156e-01,8.991156520536313090e-01,1.272656060259920452e-01,6.315426868970905883e-01,2.978488137433227823e-01,3.229214498696347246e-01,1.246106023017105879e-01,7.153815339140158214e-01,8.682200832512078081e-01,4.348728494138500156e-01,2.982760683082487652e-01,4.773279091950247133e-01,9.258374118772487726e-01,8.768221474319997100e-01,1.076164792627777311e-01,1.369699054036128683e-01,3.395187793134750720e-01,2.915784857627979898e-01,1.039455335540917957e+00,2.882341726847063579e-01,6.061020588298894340e-01,5.697046949947108807e-01,6.411366264057936082e-01,8.569594460658602753e-01,4.474668292477733123e-01,6.616793028671269505e-01,7.958105466590711385e-01,6.480373653935426193e-01,4.517519958268356728e-01,4.221739945977888708e-01,3.515109602064308003e-01,5.594618867325611422e-01,8.721125766601852680e-01,1.923617415029576228e-01,1.053025478683178973e+00,6.095456576462795484e-01,2.136924219336396036e-01,2.066354108862002437e-01,4.374872283862650257e-01,5.344941534220232215e-01,2.003164471567106530e-01,1.190045844489550225e-01,8.430588354848055355e-01,9.174114226562412044e-01,5.811553310766436331e-01,3.906556674582331579e-01,4.774568764814753341e-01,6.944315048842015781e-01,7.136879422985443755e-01,5.205645412937196514e-01,2.255479746275151631e-01,9.925054349434675460e-01,6.099172327077007072e-01,8.803468699418355303e-01,8.685657616652237012e-01,2.298050454518708874e-01,3.620562411210731524e-01,4.218779871647263535e-01,7.739474594673934060e-01,6.133321504471214158e-01,2.416743700860117527e-01,4.666902408507901390e-01
5.796934496896219979e-01,1.014178404808403933e+00,4.935355737952644151e-01,7.598011308761305482e-01,8.837054551638132693e-01,9.219169385747718604e-01,9.534137703978365908e-01,6.929471632895755073e-01,8.179679837677790166e-01,9.453245185014705898e-01,0.000000000000000000e+00,2.674669805951288559e-01,8.141817568809373018e-01,9.235291296039758180e-01,7.834236041870606959e-01,9.618292300910779025e-01,8.454921070331036237e-01,9.153298253970202358e-01,5.761437767678075916e-01,5.970282477882494776e-01,7.742121938575379225e-01,8.016673295885959893e-01,9.139947034359772182e-01,5.632137478031014055e-01,3.743398005026221109e-01,5.433200638779589475e-01,2.063322853871031037e-01,7.367120178421892041e-01,4.476346050358804285e-01,6.965710891991890863e-01,4.886291899120109861e-01,8.589897988740693435e-01,7.187725211599484965e-01,9.893965844002441390e-01,2.730426146818795141e-01,6.057671882517472461e-01,6.109547277284967937e-01,2.558710009149008369e-01,3.354109845148289248e-01,2.105374835541033718e-01,8.199896368941305136e-01,4.960265258904769659e-01,8.238500529352973389e-01,6.430078239493569603e-01,9.556933999805408142e-01,5.504281930026054814e-01,1.786569003782472465e-01,8.308334764245536297e-01,1.030005531615930447e+00,8.854810405873794199e-01,2.069135704659944286e-01,7.149342658016487329e-02,9.427425792245082148e-01,9.648614464842710792e-01,9.634589188515386704e-01,7.208842234259921211e-01,4.511263989023173160e-01,6.982992307465144544e-01,3.447631545934031760e-01,5.649011571378069752e-01,1.096101319038827793e+00,5.668469785986891551e-01,5.002263197694950536e-01,7.884065022013957424e-01,2.433734800640891816e-01,1.127008351561736177e+00,5.632483946895998628e-01,8.569644953735086057e-01,5.994888521899821576e-01,4.470716478818734796e-01,8.875653531977967248e-02,9.463001666591625005e-01,5.746080831391782162e-01,1.072241367687821523e+00,9.655001199051874705e-01,7.575262914008168424e-01,6.582784929845993949e-01,8.932946345757044604e-01,7.926193200107183312e-01,8.536778304046213073e-01,1.646694977197665499e-01,2.016138377203770260e-01,9.217468127954432378e-01,5.559184314682718009e-01,4.746508008972781245e-01,3.428524763267210562e-01,2.491004390258878265e-01,6.629986790970824329e-01,1.009221038027078077e+00,4.497113035544771376e-01,9.494713314643900004e-01,1.443608170769122845e-01,3.566834299470577618e-01,9.654567709453784063e-01,7.960700151483416365e-01,5.293721062150942291e-01,7.867115443812848774e-01,8.635999809673935435e-01,7.059365254955334290e-01,1.032126334454646743e+00
4.036611700252770718e-01,7.858585166421319101e-01,5.277207647716533057e-01,4.923387186827151707e-01,6.675101354467447567e-01,6.576626823439621905e-01,7.275469745349113504e-01,5.682545216107129926e-01,6.449662494166547022e-01,6.814347884102517350e-01,2.674669805951288559e-01,0.000000000000000000e+00,5.789585761106955664e-01,7.011190642132456574e-01,5.876622210357759224e-01,6.974266690845742911e-01,5.872000407009044798e-01,6.482983351140896300e-01,3.756487809513295861e-01,5.240459247069614301e-01,5.119622480569336886e-01,5.779254701346895340e-01,6.482475051058742554e-01,4.468929529629988018e-01,1.774351016842521112e-01,4.996397516712944298e-01,6.168520678696674114e-02,4.860178481495935898e-01,1.806519369273915654e-01,4.777076544314654005e-01,2.221027583529210370e-01,5.925355500861609892e-01,4.877631101269215841e-01,7.325539738521851252e-01,6.098609131072910833e-03,5.464712165101757169e-01,3.829037849719668651e-01,2.729588886467248510e-01,1.820398490408551562e-01,3.070724468447362243e-01,5.550799749766797131e-01,3.639987980798383149e-01,5.942119388931648150e-01,3.755518152289179512e-01,6.882384520259980931e-01,3.897897510388766418e-01,2.582911022733648254e-01,5.854022383753028080e-01,7.666969372862366683e-01,6.454260153275669376e-01,3.273103251979495032e-01,1.969322422615168433e-01,6.870428037584095371e-01,7.117461089426442289e-01,7.392540942076437638e-01,4.550287833688791417e-01,4.868252560254492378e-01,4.312566377392254013e-01,7.730858044774381599e-02,3.443116462313840498e-01,8.682237641720536026e-01,4.697809203189367566e-01,2.342402682298861116e-01,5.923657904575909683e-01,1.681248209865306154e-01,8.972784105821605127e-01,3.050967047093773310e-01,6.093914128735140601e-01,3.437082835537476622e-01,2.557305865408692758e-01,2.085404364550395018e-01,6.796187335273741192e-01,5.720289840833975292e-01,8.413646248519099924e-01,7.216025284911620208e-01,5.018362425783601255e-01,4.083209336175001036e-01,6.625098765170660542e-01,5.416017673535172827e-01,5.958046117138942055e-01,2.209160305484629550e-01,2.678688375937698929e-01,6.978390958580871217e-01,2.908014454054572706e-01,2.266420811620702691e-01,2.356524000626537829e-01,1.200036651724808306e-01,4.893937953658691331e-01,7.430094858551353765e-01,4.579637010841565159e-01,7.289869137484316086e-01,2.100338483610438844e-01,3.159878508581137613e-01,7.237665023102404227e-01,5.796537162948012245e-01,2.767772307744632565e-01,6.233098844389115545e-01,6.502807746754584173e-01,4.453261882779929182e-01,7.838639245385881082e-01
2.906409676800006392e-01,2.081744727728614686e-01,6.972688488786007444e-01,3.221031724141302233e-01,7.753378557392058834e-01,4.761882327982723817e-01,7.759372125042434121e-01,3.870697159547013544e-01,2.630679877380992515e-01,4.941256388419069667e-01,8.141817568809373018e-01,5.789585761106955664e-01,0.000000000000000000e+00,1.351792651295375125e-01,1.729484892806653074e-01,2.894719540347010511e-01,5.142722446446837958e-01,4.057261456364141261e-01,6.778363106793870996e-01,5.005958744531557869e-01,2.025602187883726590e-01,5.766956737212124151e-02,4.437478629108279615e-01,4.089196633277339954e-01,4.404042277606946554e-01,5.547321719351869795e-01,6.343255402094897244e-01,5.347930297694070134e-01,4.294905481128756253e-01,1.321907713456123845e-01,3.943383159474904143e-01,2.855887319355435716e-01,6.285927868873615321e-01,6.021126850011531140e-01,5.729542057387474463e-01,5.328814713639863365e-01,2.033633190663889645e-01,6.370357155234074309e-01,4.860426418317128627e-01,8.840284205721724575e-01,4.239804366918623613e-01,7.898015959495522376e-01,6.824046013525003618e-01,3.371716425286280794e-01,3.934060599471863040e-01,3.320978095186513102e-01,8.364314132632706400e-01,6.151191051565470247e-02,3.202358570952242300e-01,7.473293156515729840e-02,9.055001370111764869e-01,7.455365886664947483e-01,5.853666813128948210e-01,6.197730507646963538e-01,7.903501061318845000e-01,2.641482140111913735e-01,6.857869232700896100e-01,2.984999643670327996e-01,5.158693269593466191e-01,2.506692010640898527e-01,2.900567817002210891e-01,4.473728787775502203e-01,4.379156929878450510e-01,1.722839325567548374e-01,5.817679743728466635e-01,3.184546225339708880e-01,2.910213705521532135e-01,8.442095896944448730e-02,4.853115744703453971e-01,6.600612589129731811e-01,7.799246666602764888e-01,3.299718544276777910e-01,6.499181987207576228e-01,2.624630225056319710e-01,6.853949887787101902e-01,5.060843944292549024e-01,1.819775173443126948e-01,8.528285754515649297e-02,5.512264589312974028e-01,5.216218704451721644e-01,7.995372502063261555e-01,6.848927411831173817e-01,1.291933504462419446e-01,4.248700973952889148e-01,5.312590091647456658e-01,7.487970942337787150e-01,6.818002523332924447e-01,7.887134746033860333e-01,3.544908254336592290e-01,6.358530160177406909e-01,1.640115979332689156e-01,6.897227603581739253e-01,5.617928035028517675e-01,6.990173035427655890e-01,7.240598231423983622e-01,5.066311476982244821e-01,2.874778864387466104e-01,1.243620587592244725e-01,4.543095423891029827e-01,2.303696895917969611e-01
3.629265715831594963e-01,9.463929815993275818e-02,7.420337505077098106e-01,4.442412021689822188e-01,8.961833408580689442e-01,5.749763658191123783e-01,8.901520351115950191e-01,3.944188186584543510e-01,2.272401735774566001e-01,5.896804791263945411e-01,9.235291296039758180e-01,7.011190642132456574e-01,1.351792651295375125e-01,0.000000000000000000e+00,1.742200325407851635e-01,3.525120611936603532e-01,6.280138839669030526e-01,5.001554293826193653e-01,8.124878511738504727e-01,5.284146314731285043e-01,3.245515560421337597e-01,1.233221401510947030e-01,5.416176913159151951e-01,4.558814973796717629e-01,5.500196325590406277e-01,5.926230750698939787e-01,7.537749971535459004e-01,6.609776878498982988e-01,5.604698661016657146e-01,2.271463098267096081e-01,5.268376899681456171e-01,3.859794208650964564e-01,7.574630522451332171e-01,6.989642062500226460e-01,6.952367595840023284e-01,5.570619989979003206e-01,3.184568327077723637e-01,7.257099495400939348e-01,5.893618432596263723e-01,1.007919864780912222e+00,5.381221470014013741e-01,9.248495456032927997e-01,8.048267938541119326e-01,4.709190154061407840e-01,4.758468729633942851e-01,4.021608495674680595e-01,9.594079419256619223e-01,1.706116905023228325e-01,3.566140089642312883e-01,1.132812552967138869e-01,1.028426463026642201e+00,8.570532643023436314e-01,6.886968327214987307e-01,7.221789171614089176e-01,9.043306801840227394e-01,3.929991186556404115e-01,7.380761119732864861e-01,4.289322068371393959e-01,6.421827668979079862e-01,3.606521007654950872e-01,1.736785899316318771e-01,4.878580557174900800e-01,5.723942688362676501e-01,1.701870239980633748e-01,6.844409629661878380e-01,2.056855604591925624e-01,4.234641222287952034e-01,1.722698090398975534e-01,6.193897387230217211e-01,7.947322444360337412e-01,8.965135956193557298e-01,4.067347305197508422e-01,6.793199017133706441e-01,1.540606087545820235e-01,7.924852041349406129e-01,6.299399413212742882e-01,3.156892303251669363e-01,5.787546207209869759e-02,6.725398943353220194e-01,6.345470942794996239e-01,9.219786774548038855e-01,7.777236816845860545e-01,8.547077929621067771e-03,5.600414370578342682e-01,6.660223063498332818e-01,8.806514293085466738e-01,8.083934961438650202e-01,9.220978508076668190e-01,4.112580515243045021e-01,6.895815807650239604e-01,2.898888780417161262e-02,7.920948116313818455e-01,6.398226350347718805e-01,8.070423537650430745e-01,8.499102140118939275e-01,6.418067027751946929e-01,2.655466117828348405e-01,7.191493605197046834e-02,5.824051040351925224e-01,2.007286965332075179e-01
2.052588045673486572e-01,2.665902032191598270e-01,5.678440357524456861e-01,4.712706850300683037e-01,9.165530688060842257e-01,6.420131485869836618e-01,9.262471579227660179e-01,2.252625184325260654e-01,9.472242657883843397e-02,6.612819927357312944e-01,7.834236041870606959e-01,5.876622210357759224e-01,1.729484892806653074e-01,1.742200325407851635e-01,0.000000000000000000e+00,4.618385214027778130e-01,6.684764173056898517e-01,5.743006915661112988e-01,7.741557987073131031e-01,3.549074286575819026e-01,3.584585815951860099e-01,1.153206566761212359e-01,6.104125393141059952e-01,2.827881821372428273e-01,4.196728624419521214e-01,4.184237983638817160e-01,6.331346203764607328e-01,6.698891587106464707e-01,4.795247071343917145e-01,1.312710529856307429e-01,4.551780995859376899e-01,4.537427750883151756e-01,7.548952280501620704e-01,7.676896342265205897e-01,5.822379300818495418e-01,3.843095291819439430e-01,2.222431048553120958e-01,5.675693074877088407e-01,4.488368336006723913e-01,8.922853596025934753e-01,5.795929404993367395e-01,8.635520821829704152e-01,8.221456635551391834e-01,4.537673988763261668e-01,5.652671306164110954e-01,2.402241451224272073e-01,8.423157492440339622e-01,2.344111784167827173e-01,4.875258775740937134e-01,2.239218316804899300e-01,9.102778335539092325e-01,7.209164934985361484e-01,7.473114272889777032e-01,7.819872536625850357e-01,9.407964023313218904e-01,4.039479838660959277e-01,5.644913292323685550e-01,4.317511779492299584e-01,5.412874215924892152e-01,2.474203024696081943e-01,3.389341369898420386e-01,3.137684708552176405e-01,5.126203352738984975e-01,4.997493952336554655e-03,5.403276514896827587e-01,3.717728193285542715e-01,3.597286774287616340e-01,2.562043466861263497e-01,5.925532131386079815e-01,7.295239808382603108e-01,7.677492131031531386e-01,5.027657778930694210e-01,5.060684293865581607e-01,3.247811933808008589e-01,8.435452198617670039e-01,6.465441145877166562e-01,2.744566142802004616e-01,1.836623899051751108e-01,6.950317378915067401e-01,6.765333222326707086e-01,8.042555853319718340e-01,6.221467763382867444e-01,1.774387480846514875e-01,5.178383855534596236e-01,6.058448896544866846e-01,7.932818776938033167e-01,7.033354015295292250e-01,8.936952194235492364e-01,5.265279660157653474e-01,5.163473943950349643e-01,1.903671713082313033e-01,6.454901984553899075e-01,4.758951267104105098e-01,8.562528622906426801e-01,8.564051065337796587e-01,5.956227172406528547e-01,1.145538739651228294e-01,1.023175932202284172e-01,5.870998485485802165e-01,3.628840074160872842e-01
5.483237382372354585e-01,3.439274033722005686e-01,9.577384328680821346e-01,2.281744889809744214e-01,6.050675884175907848e-01,2.470992141529523012e-01,5.786433137736189947e-01,6.742183542555505449e-01,5.485572952092703236e-01,2.549762480201221981e-01,9.618292300910779025e-01,6.974266690845742911e-01,2.894719540347010511e-01,3.525120611936603532e-01,4.618385214027778130e-01,0.000000000000000000e+00,3.321332280402582438e-01,1.721382282839290234e-01,6.293678134192883800e-01,7.779482734749616490e-01,1.895791662951756273e-01,3.467052491943832804e-01,2.152683298737498307e-01,6.780691194765506857e-01,6.182965403897884293e-01,8.245039200690031933e-01,7.590071057221948747e-01,4.134737883998618191e-01,5.176205278078465088e-01,3.967640300227845973e-01,4.757919624170598438e-01,1.149820589828481066e-01,5.156727006537069613e-01,3.609838181763508347e-01,6.915096822648602037e-01,8.113083333134092356e-01,4.161143288397969320e-01,8.434580179545327905e-01,6.742517603557400818e-01,9.713852145205396083e-01,2.574713761769848452e-01,7.739162754048699577e-01,5.250140073698190690e-01,3.329109513323446068e-01,1.312922201798449873e-01,5.875904398878394330e-01,9.310024660308852118e-01,2.288386741161600735e-01,7.198992852085632499e-02,2.476056453999297413e-01,9.966021778977780521e-01,8.903410162223600599e-01,3.617352585630052575e-01,3.919459562816217102e-01,5.917114968685697196e-01,2.434318120753714287e-01,9.395774261958760309e-01,2.724896111979325242e-01,6.211974870173128105e-01,4.616397293377768052e-01,3.862123113959793352e-01,7.191152081600257207e-01,4.820829643250437724e-01,4.608097816787078971e-01,7.626966571721747190e-01,3.933062516576357748e-01,4.013717765246354041e-01,2.056348117741541304e-01,4.491026982002273016e-01,6.681425133316124532e-01,9.051022200557471420e-01,6.290354470706666090e-02,9.229434337599694560e-01,3.547766148129843367e-01,4.682264574804144708e-01,3.743155086374631568e-01,3.273062216754106801e-01,3.028846446952633831e-01,3.995353747483668672e-01,3.353834009811680339e-01,8.988926551020206546e-01,8.805509469618580942e-01,3.440441614833925077e-01,4.377386843711833508e-01,5.522828836886177761e-01,7.902244831508521417e-01,7.678803561253707555e-01,7.081480099578147946e-01,6.538444403044228748e-02,8.898307465812290706e-01,3.684838079705885505e-01,8.636999604835073896e-01,7.900614293650080056e-01,4.841447843381884164e-01,5.830454697558159483e-01,5.049103936685529481e-01,5.760076531053264226e-01,3.911760791690743755e-01,3.598372661252525195e-01,2.117979959826697400e-01
