{
 "cells": [
  {
   "cell_type": "markdown",
   "metadata": {},
   "source": [
    "# Heat kernel"
   ]
  },
  {
   "cell_type": "code",
   "execution_count": 1,
   "metadata": {
    "collapsed": true
   },
   "outputs": [],
   "source": [
    "sigma = 0.0001"
   ]
  },
  {
   "cell_type": "markdown",
   "metadata": {},
   "source": [
    "## Load packages"
   ]
  },
  {
   "cell_type": "code",
   "execution_count": 2,
   "metadata": {
    "collapsed": true
   },
   "outputs": [],
   "source": [
    "import numpy as np\n",
    "import matplotlib.pyplot as plt\n",
    "%matplotlib inline\n",
    "import sys\n",
    "path = '../../scripts/'\n",
    "sys.path.insert(0,path)\n",
    "from RipserToDict import ripser_to_dict\n",
    "from PlotPersistence import plot_persistence\n",
    "import pickle\n",
    "import random"
   ]
  },
  {
   "cell_type": "markdown",
   "metadata": {},
   "source": [
    "## Functions"
   ]
  },
  {
   "cell_type": "code",
   "execution_count": 3,
   "metadata": {
    "collapsed": false
   },
   "outputs": [],
   "source": [
    "def heat_kernel(F,G,sigma):\n",
    "    \n",
    "    \"\"\"Let F and G be PH matrices of dimensions n_points x 2, where the columns are birth and death respectively.\n",
    "    The matrices are thus only for one dim each, e.g. 0 or 1 or 2.\n",
    "    sigma is a scalar parameter which may be taken to be 0.1.\n",
    "    The output is the heat kernel\"\"\"\n",
    "\n",
    "    kernel = 0\n",
    "    for z in G:\n",
    "        for y in F:\n",
    "            kernel += np.exp(-np.linalg.norm(y - z,ord=2)**2/(8.*sigma))\n",
    "            kernel += -np.exp(-np.linalg.norm(y - np.flipud(z),ord=2)**2/(8.*sigma))\n",
    "    kernel *= 1./(8.*np.pi*sigma)\n",
    "\n",
    "    return kernel"
   ]
  },
  {
   "cell_type": "code",
   "execution_count": 4,
   "metadata": {
    "collapsed": true
   },
   "outputs": [],
   "source": [
    "def heat_kernel_distance(F,G,sigma):\n",
    "    \n",
    "    \"\"\"Let F and G be PH matrices of dimensions n_points x 2, where the columns are birth and death respectively.\n",
    "    The matrices are thus only for one dim each, e.g. 0 or 1 or 2.\n",
    "    sigma is a scalar parameter which may be taken to be 0.1.\n",
    "    The output is the heat kernel distance\"\"\"\n",
    "    \n",
    "    inner = heat_kernel(F,F,sigma) + heat_kernel(G,G,sigma) - 2*heat_kernel(F,G,sigma)\n",
    "    distance = np.sqrt(heat_kernel(F,F,sigma) + heat_kernel(G,G,sigma) - 2*heat_kernel(F,G,sigma))\n",
    "    \n",
    "    return distance"
   ]
  },
  {
   "cell_type": "markdown",
   "metadata": {},
   "source": [
    "## Create labels and train kernel"
   ]
  },
  {
   "cell_type": "code",
   "execution_count": 5,
   "metadata": {
    "collapsed": false
   },
   "outputs": [],
   "source": [
    "# load train set\n",
    "train_seeds = range(0,10)\n",
    "train_persistences = []\n",
    "train_labels = []\n",
    "for seed in train_seeds:\n",
    "    \n",
    "    # sphere\n",
    "    with open('../../../heavy_files/exercises/ml_on_1_to_3/sphere_persistences/' + str(seed) + '.txt','rb') as f:\n",
    "        train_persistences.append(pickle.load(f))\n",
    "    train_labels.append(0)\n",
    "    \n",
    "    # torus\n",
    "    with open('../../../heavy_files/exercises/ml_on_1_to_3/torus_persistences/' + str(seed) + '.txt','rb') as f:\n",
    "        train_persistences.append(pickle.load(f))\n",
    "    train_labels.append(1)"
   ]
  },
  {
   "cell_type": "code",
   "execution_count": 6,
   "metadata": {
    "collapsed": false
   },
   "outputs": [],
   "source": [
    "# permute\n",
    "combined = list(zip(train_persistences, train_labels))\n",
    "random.shuffle(combined)\n",
    "train_persistences[:], train_labels[:] = zip(*combined)"
   ]
  },
  {
   "cell_type": "code",
   "execution_count": 7,
   "metadata": {
    "collapsed": false
   },
   "outputs": [
    {
     "name": "stdout",
     "output_type": "stream",
     "text": [
      "[[  4.07722678e+04   4.72656598e+01   1.43846618e+01   3.11891272e+00\n",
      "    1.69179557e+00   1.83845475e+04   2.07082065e+04   7.07852195e+01\n",
      "    2.33727258e+04   2.05062617e+04   0.00000000e+00   0.00000000e+00\n",
      "    0.00000000e+00   0.00000000e+00   0.00000000e+00   0.00000000e+00\n",
      "    0.00000000e+00   0.00000000e+00   0.00000000e+00   0.00000000e+00]\n",
      " [  4.72656598e+01   6.39977740e+04   1.85552780e+04   2.80637097e+04\n",
      "    2.35689958e+04   1.00341088e+01   4.54561688e+02   2.70155932e+04\n",
      "    1.20934895e+01   4.88701557e+02   0.00000000e+00   0.00000000e+00\n",
      "    0.00000000e+00   0.00000000e+00   0.00000000e+00   0.00000000e+00\n",
      "    0.00000000e+00   0.00000000e+00   0.00000000e+00   0.00000000e+00]\n",
      " [  1.43846618e+01   1.85552780e+04   3.61617142e+04   2.13593092e+04\n",
      "    1.92328638e+04   4.32461049e-07   1.03403923e+02   2.09697121e+04\n",
      "    1.96786360e+02   5.41424416e-07   0.00000000e+00   0.00000000e+00\n",
      "    0.00000000e+00   0.00000000e+00   0.00000000e+00   0.00000000e+00\n",
      "    0.00000000e+00   0.00000000e+00   0.00000000e+00   0.00000000e+00]\n",
      " [  3.11891272e+00   2.80637097e+04   2.13593092e+04   5.64075237e+04\n",
      "    2.28205547e+04   1.52092862e-17   8.65159027e+00   2.54395084e+04\n",
      "    3.43333562e+01   6.99500001e-19   0.00000000e+00   0.00000000e+00\n",
      "    0.00000000e+00   0.00000000e+00   0.00000000e+00   0.00000000e+00\n",
      "    0.00000000e+00   0.00000000e+00   0.00000000e+00   0.00000000e+00]\n",
      " [  1.69179557e+00   2.35689958e+04   1.92328638e+04   2.28205547e+04\n",
      "    4.14054567e+04   3.88839984e-09   4.04988953e+02   2.04018307e+04\n",
      "    4.30548019e+01   3.49893149e-23   0.00000000e+00   0.00000000e+00\n",
      "    0.00000000e+00   0.00000000e+00   0.00000000e+00   0.00000000e+00\n",
      "    0.00000000e+00   0.00000000e+00   0.00000000e+00   0.00000000e+00]\n",
      " [  1.83845475e+04   1.00341088e+01   4.32461049e-07   1.52092862e-17\n",
      "    3.88839984e-09   2.92215452e+04   1.84652254e+04   2.95430835e-02\n",
      "    1.92785954e+04   1.80279410e+04   0.00000000e+00   0.00000000e+00\n",
      "    0.00000000e+00   0.00000000e+00   0.00000000e+00   0.00000000e+00\n",
      "    0.00000000e+00   0.00000000e+00   0.00000000e+00   0.00000000e+00]\n",
      " [  2.07082065e+04   4.54561688e+02   1.03403923e+02   8.65159027e+00\n",
      "    4.04988953e+02   1.84652254e+04   3.45745126e+04   1.08075458e+02\n",
      "    2.29757588e+04   1.95158185e+04   0.00000000e+00   0.00000000e+00\n",
      "    0.00000000e+00   0.00000000e+00   0.00000000e+00   0.00000000e+00\n",
      "    0.00000000e+00   0.00000000e+00   0.00000000e+00   0.00000000e+00]\n",
      " [  7.07852195e+01   2.70155932e+04   2.09697121e+04   2.54395084e+04\n",
      "    2.04018307e+04   2.95430835e-02   1.08075458e+02   4.77166377e+04\n",
      "    4.28166846e+01   2.73166172e-01   0.00000000e+00   0.00000000e+00\n",
      "    0.00000000e+00   0.00000000e+00   0.00000000e+00   0.00000000e+00\n",
      "    0.00000000e+00   0.00000000e+00   0.00000000e+00   0.00000000e+00]\n",
      " [  2.33727258e+04   1.20934895e+01   1.96786360e+02   3.43333562e+01\n",
      "    4.30548019e+01   1.92785954e+04   2.29757588e+04   4.28166846e+01\n",
      "    3.68170712e+04   2.16623099e+04   0.00000000e+00   0.00000000e+00\n",
      "    0.00000000e+00   0.00000000e+00   0.00000000e+00   0.00000000e+00\n",
      "    0.00000000e+00   0.00000000e+00   0.00000000e+00   0.00000000e+00]\n",
      " [  2.05062617e+04   4.88701557e+02   5.41424416e-07   6.99500001e-19\n",
      "    3.49893149e-23   1.80279410e+04   1.95158185e+04   2.73166172e-01\n",
      "    2.16623099e+04   3.05008619e+04   0.00000000e+00   0.00000000e+00\n",
      "    0.00000000e+00   0.00000000e+00   0.00000000e+00   0.00000000e+00\n",
      "    0.00000000e+00   0.00000000e+00   0.00000000e+00   0.00000000e+00]\n",
      " [  0.00000000e+00   0.00000000e+00   0.00000000e+00   0.00000000e+00\n",
      "    0.00000000e+00   0.00000000e+00   0.00000000e+00   0.00000000e+00\n",
      "    0.00000000e+00   0.00000000e+00   0.00000000e+00   0.00000000e+00\n",
      "    0.00000000e+00   0.00000000e+00   0.00000000e+00   0.00000000e+00\n",
      "    0.00000000e+00   0.00000000e+00   0.00000000e+00   0.00000000e+00]\n",
      " [  0.00000000e+00   0.00000000e+00   0.00000000e+00   0.00000000e+00\n",
      "    0.00000000e+00   0.00000000e+00   0.00000000e+00   0.00000000e+00\n",
      "    0.00000000e+00   0.00000000e+00   0.00000000e+00   0.00000000e+00\n",
      "    0.00000000e+00   0.00000000e+00   0.00000000e+00   0.00000000e+00\n",
      "    0.00000000e+00   0.00000000e+00   0.00000000e+00   0.00000000e+00]\n",
      " [  0.00000000e+00   0.00000000e+00   0.00000000e+00   0.00000000e+00\n",
      "    0.00000000e+00   0.00000000e+00   0.00000000e+00   0.00000000e+00\n",
      "    0.00000000e+00   0.00000000e+00   0.00000000e+00   0.00000000e+00\n",
      "    0.00000000e+00   0.00000000e+00   0.00000000e+00   0.00000000e+00\n",
      "    0.00000000e+00   0.00000000e+00   0.00000000e+00   0.00000000e+00]\n",
      " [  0.00000000e+00   0.00000000e+00   0.00000000e+00   0.00000000e+00\n",
      "    0.00000000e+00   0.00000000e+00   0.00000000e+00   0.00000000e+00\n",
      "    0.00000000e+00   0.00000000e+00   0.00000000e+00   0.00000000e+00\n",
      "    0.00000000e+00   0.00000000e+00   0.00000000e+00   0.00000000e+00\n",
      "    0.00000000e+00   0.00000000e+00   0.00000000e+00   0.00000000e+00]\n",
      " [  0.00000000e+00   0.00000000e+00   0.00000000e+00   0.00000000e+00\n",
      "    0.00000000e+00   0.00000000e+00   0.00000000e+00   0.00000000e+00\n",
      "    0.00000000e+00   0.00000000e+00   0.00000000e+00   0.00000000e+00\n",
      "    0.00000000e+00   0.00000000e+00   0.00000000e+00   0.00000000e+00\n",
      "    0.00000000e+00   0.00000000e+00   0.00000000e+00   0.00000000e+00]\n",
      " [  0.00000000e+00   0.00000000e+00   0.00000000e+00   0.00000000e+00\n",
      "    0.00000000e+00   0.00000000e+00   0.00000000e+00   0.00000000e+00\n",
      "    0.00000000e+00   0.00000000e+00   0.00000000e+00   0.00000000e+00\n",
      "    0.00000000e+00   0.00000000e+00   0.00000000e+00   0.00000000e+00\n",
      "    0.00000000e+00   0.00000000e+00   0.00000000e+00   0.00000000e+00]\n",
      " [  0.00000000e+00   0.00000000e+00   0.00000000e+00   0.00000000e+00\n",
      "    0.00000000e+00   0.00000000e+00   0.00000000e+00   0.00000000e+00\n",
      "    0.00000000e+00   0.00000000e+00   0.00000000e+00   0.00000000e+00\n",
      "    0.00000000e+00   0.00000000e+00   0.00000000e+00   0.00000000e+00\n",
      "    0.00000000e+00   0.00000000e+00   0.00000000e+00   0.00000000e+00]\n",
      " [  0.00000000e+00   0.00000000e+00   0.00000000e+00   0.00000000e+00\n",
      "    0.00000000e+00   0.00000000e+00   0.00000000e+00   0.00000000e+00\n",
      "    0.00000000e+00   0.00000000e+00   0.00000000e+00   0.00000000e+00\n",
      "    0.00000000e+00   0.00000000e+00   0.00000000e+00   0.00000000e+00\n",
      "    0.00000000e+00   0.00000000e+00   0.00000000e+00   0.00000000e+00]\n",
      " [  0.00000000e+00   0.00000000e+00   0.00000000e+00   0.00000000e+00\n",
      "    0.00000000e+00   0.00000000e+00   0.00000000e+00   0.00000000e+00\n",
      "    0.00000000e+00   0.00000000e+00   0.00000000e+00   0.00000000e+00\n",
      "    0.00000000e+00   0.00000000e+00   0.00000000e+00   0.00000000e+00\n",
      "    0.00000000e+00   0.00000000e+00   0.00000000e+00   0.00000000e+00]\n",
      " [  0.00000000e+00   0.00000000e+00   0.00000000e+00   0.00000000e+00\n",
      "    0.00000000e+00   0.00000000e+00   0.00000000e+00   0.00000000e+00\n",
      "    0.00000000e+00   0.00000000e+00   0.00000000e+00   0.00000000e+00\n",
      "    0.00000000e+00   0.00000000e+00   0.00000000e+00   0.00000000e+00\n",
      "    0.00000000e+00   0.00000000e+00   0.00000000e+00   0.00000000e+00]]\n"
     ]
    }
   ],
   "source": [
    "train_kernel = np.zeros((len(train_labels),len(train_labels)))\n",
    "train_homology = [train_persistences[x][1] for x in train_seeds]\n",
    "for x, i in enumerate(train_homology):\n",
    "    for y, j in enumerate(train_homology):\n",
    "        train_kernel[x,y] = heat_kernel(i,j,sigma)\n",
    "print(train_kernel)"
   ]
  },
  {
   "cell_type": "code",
   "execution_count": 8,
   "metadata": {
    "collapsed": false
   },
   "outputs": [],
   "source": [
    "# export\n",
    "with open('train_kernel.txt','wb') as f:\n",
    "    pickle.dump(train_kernel,f)\n",
    "\n",
    "with open('train_labels.txt','wb') as f:\n",
    "    pickle.dump(train_labels,f)"
   ]
  },
  {
   "cell_type": "markdown",
   "metadata": {},
   "source": [
    "## Create test kernel and test labels"
   ]
  },
  {
   "cell_type": "code",
   "execution_count": 9,
   "metadata": {
    "collapsed": true
   },
   "outputs": [],
   "source": [
    "# load test set\n",
    "test_seeds = range(10,20)\n",
    "test_persistences = []\n",
    "test_labels = []\n",
    "for seed in test_seeds:\n",
    "    \n",
    "    # sphere\n",
    "    with open('../../../heavy_files/exercises/ml_on_1_to_3/sphere_persistences/' + str(seed) + '.txt','rb') as f:\n",
    "        test_persistences.append(pickle.load(f))\n",
    "    test_labels.append(0)\n",
    "    \n",
    "    # torus\n",
    "    with open('../../../heavy_files/exercises/ml_on_1_to_3/torus_persistences/' + str(seed) + '.txt','rb') as f:\n",
    "        test_persistences.append(pickle.load(f))\n",
    "    test_labels.append(1)"
   ]
  },
  {
   "cell_type": "code",
   "execution_count": 10,
   "metadata": {
    "collapsed": false
   },
   "outputs": [],
   "source": [
    "# permute\n",
    "combined2 = list(zip(test_persistences, test_labels))\n",
    "random.shuffle(combined2)\n",
    "test_persistences[:], test_labels[:] = zip(*combined2)"
   ]
  },
  {
   "cell_type": "code",
   "execution_count": 11,
   "metadata": {
    "collapsed": false
   },
   "outputs": [
    {
     "name": "stdout",
     "output_type": "stream",
     "text": [
      "[[  6.71336994e+04   2.61950661e+04   2.18582782e-04   5.46927538e-01\n",
      "    1.77729476e+02   2.71341708e+04   6.25216669e+01   3.02291416e+04\n",
      "    1.28563029e+02   3.52999213e+04   0.00000000e+00   0.00000000e+00\n",
      "    0.00000000e+00   0.00000000e+00   0.00000000e+00   0.00000000e+00\n",
      "    0.00000000e+00   0.00000000e+00   0.00000000e+00   0.00000000e+00]\n",
      " [  2.61950661e+04   5.71487361e+04   1.51858293e+02   1.76612398e+01\n",
      "    1.40268790e+01   2.29290021e+04   4.87428358e-01   2.08872295e+04\n",
      "    2.32425853e+02   1.98505523e+04   0.00000000e+00   0.00000000e+00\n",
      "    0.00000000e+00   0.00000000e+00   0.00000000e+00   0.00000000e+00\n",
      "    0.00000000e+00   0.00000000e+00   0.00000000e+00   0.00000000e+00]\n",
      " [  2.18582782e-04   1.51858293e+02   3.31300757e+04   2.10398628e+04\n",
      "    2.00324399e+04   2.05286477e-01   1.81537406e+04   9.32190180e+02\n",
      "    2.45467798e+04   3.25062114e+01   0.00000000e+00   0.00000000e+00\n",
      "    0.00000000e+00   0.00000000e+00   0.00000000e+00   0.00000000e+00\n",
      "    0.00000000e+00   0.00000000e+00   0.00000000e+00   0.00000000e+00]\n",
      " [  5.46927538e-01   1.76612398e+01   2.10398628e+04   4.77544165e+04\n",
      "    2.97806222e+04   1.45977609e+01   2.63182557e+04   1.07580622e+02\n",
      "    3.82075004e+04   4.51310660e+02   0.00000000e+00   0.00000000e+00\n",
      "    0.00000000e+00   0.00000000e+00   0.00000000e+00   0.00000000e+00\n",
      "    0.00000000e+00   0.00000000e+00   0.00000000e+00   0.00000000e+00]\n",
      " [  1.77729476e+02   1.40268790e+01   2.00324399e+04   2.97806222e+04\n",
      "    5.28399098e+04   1.30981952e+01   3.52082942e+04   1.30526949e+02\n",
      "    4.06351629e+04   1.61159784e+02   0.00000000e+00   0.00000000e+00\n",
      "    0.00000000e+00   0.00000000e+00   0.00000000e+00   0.00000000e+00\n",
      "    0.00000000e+00   0.00000000e+00   0.00000000e+00   0.00000000e+00]\n",
      " [  2.71341708e+04   2.29290021e+04   2.05286477e-01   1.45977609e+01\n",
      "    1.30981952e+01   5.04162440e+04   2.59626789e+00   2.31226926e+04\n",
      "    5.52382244e+02   2.74654269e+04   0.00000000e+00   0.00000000e+00\n",
      "    0.00000000e+00   0.00000000e+00   0.00000000e+00   0.00000000e+00\n",
      "    0.00000000e+00   0.00000000e+00   0.00000000e+00   0.00000000e+00]\n",
      " [  6.25216669e+01   4.87428358e-01   1.81537406e+04   2.63182557e+04\n",
      "    3.52082942e+04   2.59626789e+00   4.60394853e+04   2.75355124e-01\n",
      "    3.44555611e+04   9.54364287e+01   0.00000000e+00   0.00000000e+00\n",
      "    0.00000000e+00   0.00000000e+00   0.00000000e+00   0.00000000e+00\n",
      "    0.00000000e+00   0.00000000e+00   0.00000000e+00   0.00000000e+00]\n",
      " [  3.02291416e+04   2.08872295e+04   9.32190180e+02   1.07580622e+02\n",
      "    1.30526949e+02   2.31226926e+04   2.75355124e-01   5.18405980e+04\n",
      "    3.34077672e+01   2.80520475e+04   0.00000000e+00   0.00000000e+00\n",
      "    0.00000000e+00   0.00000000e+00   0.00000000e+00   0.00000000e+00\n",
      "    0.00000000e+00   0.00000000e+00   0.00000000e+00   0.00000000e+00]\n",
      " [  1.28563029e+02   2.32425853e+02   2.45467798e+04   3.82075004e+04\n",
      "    4.06351629e+04   5.52382244e+02   3.44555611e+04   3.34077672e+01\n",
      "    6.60426695e+04   3.27233692e+02   0.00000000e+00   0.00000000e+00\n",
      "    0.00000000e+00   0.00000000e+00   0.00000000e+00   0.00000000e+00\n",
      "    0.00000000e+00   0.00000000e+00   0.00000000e+00   0.00000000e+00]\n",
      " [  3.52999213e+04   1.98505523e+04   3.25062114e+01   4.51310660e+02\n",
      "    1.61159784e+02   2.74654269e+04   9.54364287e+01   2.80520475e+04\n",
      "    3.27233692e+02   5.71983049e+04   0.00000000e+00   0.00000000e+00\n",
      "    0.00000000e+00   0.00000000e+00   0.00000000e+00   0.00000000e+00\n",
      "    0.00000000e+00   0.00000000e+00   0.00000000e+00   0.00000000e+00]\n",
      " [  0.00000000e+00   0.00000000e+00   0.00000000e+00   0.00000000e+00\n",
      "    0.00000000e+00   0.00000000e+00   0.00000000e+00   0.00000000e+00\n",
      "    0.00000000e+00   0.00000000e+00   0.00000000e+00   0.00000000e+00\n",
      "    0.00000000e+00   0.00000000e+00   0.00000000e+00   0.00000000e+00\n",
      "    0.00000000e+00   0.00000000e+00   0.00000000e+00   0.00000000e+00]\n",
      " [  0.00000000e+00   0.00000000e+00   0.00000000e+00   0.00000000e+00\n",
      "    0.00000000e+00   0.00000000e+00   0.00000000e+00   0.00000000e+00\n",
      "    0.00000000e+00   0.00000000e+00   0.00000000e+00   0.00000000e+00\n",
      "    0.00000000e+00   0.00000000e+00   0.00000000e+00   0.00000000e+00\n",
      "    0.00000000e+00   0.00000000e+00   0.00000000e+00   0.00000000e+00]\n",
      " [  0.00000000e+00   0.00000000e+00   0.00000000e+00   0.00000000e+00\n",
      "    0.00000000e+00   0.00000000e+00   0.00000000e+00   0.00000000e+00\n",
      "    0.00000000e+00   0.00000000e+00   0.00000000e+00   0.00000000e+00\n",
      "    0.00000000e+00   0.00000000e+00   0.00000000e+00   0.00000000e+00\n",
      "    0.00000000e+00   0.00000000e+00   0.00000000e+00   0.00000000e+00]\n",
      " [  0.00000000e+00   0.00000000e+00   0.00000000e+00   0.00000000e+00\n",
      "    0.00000000e+00   0.00000000e+00   0.00000000e+00   0.00000000e+00\n",
      "    0.00000000e+00   0.00000000e+00   0.00000000e+00   0.00000000e+00\n",
      "    0.00000000e+00   0.00000000e+00   0.00000000e+00   0.00000000e+00\n",
      "    0.00000000e+00   0.00000000e+00   0.00000000e+00   0.00000000e+00]\n",
      " [  0.00000000e+00   0.00000000e+00   0.00000000e+00   0.00000000e+00\n",
      "    0.00000000e+00   0.00000000e+00   0.00000000e+00   0.00000000e+00\n",
      "    0.00000000e+00   0.00000000e+00   0.00000000e+00   0.00000000e+00\n",
      "    0.00000000e+00   0.00000000e+00   0.00000000e+00   0.00000000e+00\n",
      "    0.00000000e+00   0.00000000e+00   0.00000000e+00   0.00000000e+00]\n",
      " [  0.00000000e+00   0.00000000e+00   0.00000000e+00   0.00000000e+00\n",
      "    0.00000000e+00   0.00000000e+00   0.00000000e+00   0.00000000e+00\n",
      "    0.00000000e+00   0.00000000e+00   0.00000000e+00   0.00000000e+00\n",
      "    0.00000000e+00   0.00000000e+00   0.00000000e+00   0.00000000e+00\n",
      "    0.00000000e+00   0.00000000e+00   0.00000000e+00   0.00000000e+00]\n",
      " [  0.00000000e+00   0.00000000e+00   0.00000000e+00   0.00000000e+00\n",
      "    0.00000000e+00   0.00000000e+00   0.00000000e+00   0.00000000e+00\n",
      "    0.00000000e+00   0.00000000e+00   0.00000000e+00   0.00000000e+00\n",
      "    0.00000000e+00   0.00000000e+00   0.00000000e+00   0.00000000e+00\n",
      "    0.00000000e+00   0.00000000e+00   0.00000000e+00   0.00000000e+00]\n",
      " [  0.00000000e+00   0.00000000e+00   0.00000000e+00   0.00000000e+00\n",
      "    0.00000000e+00   0.00000000e+00   0.00000000e+00   0.00000000e+00\n",
      "    0.00000000e+00   0.00000000e+00   0.00000000e+00   0.00000000e+00\n",
      "    0.00000000e+00   0.00000000e+00   0.00000000e+00   0.00000000e+00\n",
      "    0.00000000e+00   0.00000000e+00   0.00000000e+00   0.00000000e+00]\n",
      " [  0.00000000e+00   0.00000000e+00   0.00000000e+00   0.00000000e+00\n",
      "    0.00000000e+00   0.00000000e+00   0.00000000e+00   0.00000000e+00\n",
      "    0.00000000e+00   0.00000000e+00   0.00000000e+00   0.00000000e+00\n",
      "    0.00000000e+00   0.00000000e+00   0.00000000e+00   0.00000000e+00\n",
      "    0.00000000e+00   0.00000000e+00   0.00000000e+00   0.00000000e+00]\n",
      " [  0.00000000e+00   0.00000000e+00   0.00000000e+00   0.00000000e+00\n",
      "    0.00000000e+00   0.00000000e+00   0.00000000e+00   0.00000000e+00\n",
      "    0.00000000e+00   0.00000000e+00   0.00000000e+00   0.00000000e+00\n",
      "    0.00000000e+00   0.00000000e+00   0.00000000e+00   0.00000000e+00\n",
      "    0.00000000e+00   0.00000000e+00   0.00000000e+00   0.00000000e+00]]\n"
     ]
    }
   ],
   "source": [
    "test_kernel = np.zeros((len(test_labels),len(test_labels)))\n",
    "test_homology = [test_persistences[x][1] for x in range(len(test_seeds))]\n",
    "for x, i in enumerate(test_homology):\n",
    "    for y, j in enumerate(test_homology):\n",
    "        test_kernel[x,y] = heat_kernel(i,j,sigma)\n",
    "print(test_kernel)"
   ]
  },
  {
   "cell_type": "code",
   "execution_count": 12,
   "metadata": {
    "collapsed": true
   },
   "outputs": [],
   "source": [
    "# export\n",
    "with open('test_kernel.txt','wb') as f:\n",
    "    pickle.dump(test_kernel,f)\n",
    "\n",
    "with open('test_labels.txt','wb') as f:\n",
    "    pickle.dump(test_labels,f)"
   ]
  },
  {
   "cell_type": "code",
   "execution_count": null,
   "metadata": {
    "collapsed": true
   },
   "outputs": [],
   "source": []
  }
 ],
 "metadata": {
  "anaconda-cloud": {},
  "kernelspec": {
   "display_name": "Python [Root]",
   "language": "python",
   "name": "Python [Root]"
  },
  "language_info": {
   "codemirror_mode": {
    "name": "ipython",
    "version": 3
   },
   "file_extension": ".py",
   "mimetype": "text/x-python",
   "name": "python",
   "nbconvert_exporter": "python",
   "pygments_lexer": "ipython3",
   "version": "3.5.2"
  }
 },
 "nbformat": 4,
 "nbformat_minor": 0
}
